25.00
0.00,0.00,0,795
0.50,0.87,0,755
-0.50,0.87,0,698
-1.00,0.00,0,33
-0.50,-0.87,0,265
0.50,-0.87,0,10
1.00,-0.00,0,867
1.73,1.00,0,697
1.00,1.73,0,729
0.00,2.00,0,962
-1.00,1.73,0,717
-1.73,1.00,0,29
-2.00,0.00,0,645
-1.73,-1.00,0,586
-1.00,-1.73,0,668
-0.00,-2.00,0,666
1.00,-1.73,0,625
1.73,-1.00,0,340
2.00,0.00,0,820
2.82,1.03,0,784
2.30,1.93,0,628
1.50,2.60,0,608
0.52,2.95,0,197
-0.52,2.95,0,706
-1.50,2.60,0,732
-2.30,1.93,0,578
-2.82,1.03,0,367
-3.00,0.00,0,426
-2.82,-1.03,0,530
-2.30,-1.93,0,756
-1.50,-2.60,0,474
-0.52,-2.95,0,612
0.52,-2.95,0,798
1.50,-2.60,0,375
2.30,-1.93,0,304
2.82,-1.03,0,656
3.00,-0.00,0,931
3.87,0.99,0,380
3.51,1.93,0,527
2.92,2.74,0,10
2.14,3.38,0,708
1.24,3.80,0,662
0.25,3.99,0,173
-0.75,3.93,0,42
-1.70,3.62,0,52
-2.55,3.08,0,877
-3.24,2.35,0,175
-3.72,1.47,0,603
-3.97,0.50,0,398
-3.97,-0.50,0,544
-3.72,-1.47,0,91
-3.24,-2.35,0,612
-2.55,-3.08,0,419
-1.70,-3.62,0,104
-0.75,-3.93,0,33
0.25,-3.99,0,159
1.24,-3.80,0,702
2.14,-3.38,0,795
2.92,-2.74,0,887
3.51,-1.93,0,556
3.87,-0.99,0,615
4.00,0.00,0,445
4.90,1.01,0,879
4.59,1.97,0,739
4.10,2.86,0,1005
3.44,3.62,0,956
2.64,4.24,0,436
1.74,4.69,0,70
0.76,4.94,0,514
-0.25,4.99,0,781
-1.25,4.84,0,288
-2.20,4.49,0,268
-3.06,3.95,0,739
-3.79,3.26,0,845
-4.37,2.43,0,880
-4.77,1.50,0,519
-4.97,0.51,0,789
-4.97,-0.51,0,238
-4.77,-1.50,0,992
-4.37,-2.43,0,899
-3.79,-3.26,0,213
-3.06,-3.95,0,21
-2.20,-4.49,0,350
-1.25,-4.84,0,486
-0.25,-4.99,0,269
0.76,-4.94,0,392
1.74,-4.69,0,159
2.64,-4.24,0,527
3.44,-3.62,0,701
4.10,-2.86,0,480
4.59,-1.97,0,728
4.90,-1.01,0,6
5.00,-0.00,0,942
5.91,1.01,0,115
5.66,2.00,0,201
5.24,2.93,0,859
4.67,3.77,0,821
3.96,4.50,0,45
3.15,5.11,0,976
2.24,5.57,0,1016
1.26,5.87,0,775
0.25,5.99,0,782
-0.76,5.95,0,19
-1.76,5.74,0,813
-2.70,5.36,0,637
-3.57,4.82,0,258
-4.33,4.15,0,246
-4.97,3.36,0,836
-5.47,2.47,0,513
-5.81,1.51,0,50
-5.98,0.51,0,943
-5.98,-0.51,0,106
-5.81,-1.51,0,768
-5.47,-2.47,0,889
-4.97,-3.36,0,685
-4.33,-4.15,0,944
-3.57,-4.82,0,241
-2.70,-5.36,0,348
-1.76,-5.74,0,991
-0.76,-5.95,0,987
0.25,-5.99,0,408
1.26,-5.87,0,944
2.24,-5.57,0,487
3.15,-5.11,0,817
3.96,-4.50,0,686
4.67,-3.77,0,692
5.24,-2.93,0,753
5.66,-2.00,0,323
5.91,-1.01,0,954
6.00,-0.00,0,195
6.93,1.02,0,47
6.70,2.02,0,28
6.34,2.97,0,819
5.84,3.86,0,552
5.21,4.67,0,518
4.48,5.38,0,364
3.65,5.98,0,738
2.74,6.44,0,555
1.77,6.77,0,18
0.77,6.96,0,180
-0.26,7.00,0,194
-1.27,6.88,0,287
-2.26,6.63,0,651
-3.20,6.23,0,423
-4.07,5.69,0,800
-4.86,5.04,0,175
-5.54,4.28,0,735
-6.10,3.43,0,114
-6.54,2.50,0,585
-6.83,1.52,0,290
-6.98,0.51,0,158
-6.98,-0.51,0,1004
-6.83,-1.52,0,944
-6.54,-2.50,0,78
-6.10,-3.43,0,887
-5.54,-4.28,0,645
-4.86,-5.04,0,109
-4.07,-5.69,0,1008
-3.20,-6.23,0,520
-2.26,-6.63,0,322
-1.27,-6.88,0,2
-0.26,-7.00,0,121
0.77,-6.96,0,704
1.77,-6.77,0,243
2.74,-6.44,0,903
3.65,-5.98,0,344
4.48,-5.38,0,169
5.21,-4.67,0,939
5.84,-3.86,0,861
6.34,-2.97,0,27
6.70,-2.02,0,254
6.93,-1.02,0,782
7.00,0.00,0,581
7.94,1.00,0,103
7.75,1.99,0,149
7.44,2.94,0,375
7.01,3.85,0,925
6.47,4.70,0,889
5.83,5.48,0,733
5.10,6.16,0,873
4.29,6.75,0,645
3.41,7.24,0,655
2.47,7.61,0,518
1.50,7.86,0,904
0.50,7.98,0,564
-0.50,7.98,0,57
-1.50,7.86,0,580
-2.47,7.61,0,161
-3.41,7.24,0,582
-4.29,6.75,0,215
-5.10,6.16,0,691
-5.83,5.48,0,883
-6.47,4.70,0,64
-7.01,3.85,0,177
-7.44,2.94,0,859
-7.75,1.99,0,388
-7.94,1.00,0,219
-8.00,-0.00,0,272
-7.94,-1.00,0,590
-7.75,-1.99,0,71
-7.44,-2.94,0,57
-7.01,-3.85,0,951
-6.47,-4.70,0,970
-5.83,-5.48,0,777
-5.10,-6.16,0,353
-4.29,-6.75,0,234
-3.41,-7.24,0,560
-2.47,-7.61,0,617
-1.50,-7.86,0,844
-0.50,-7.98,0,400
0.50,-7.98,0,821
1.50,-7.86,0,136
2.47,-7.61,0,811
3.41,-7.24,0,757
4.29,-6.75,0,561
5.10,-6.16,0,509
5.83,-5.48,0,959
6.47,-4.70,0,234
7.01,-3.85,0,523
7.44,-2.94,0,407
7.75,-1.99,0,981
7.94,-1.00,0,903
8.00,0.00,0,738
8.94,1.01,0,121
8.77,2.00,0,265
8.49,2.97,0,216
8.11,3.90,0,289
7.62,4.79,0,81
7.04,5.61,0,762
6.36,6.36,0,454
5.61,7.04,0,642
4.79,7.62,0,920
3.90,8.11,0,375
2.97,8.49,0,458
2.00,8.77,0,120
1.01,8.94,0,756
0.00,9.00,0,486
-1.01,8.94,0,596
-2.00,8.77,0,105
-2.97,8.49,0,763
-3.90,8.11,0,217
-4.79,7.62,0,435
-5.61,7.04,0,309
-6.36,6.36,0,585
-7.04,5.61,0,333
-7.62,4.79,0,349
-8.11,3.90,0,980
-8.49,2.97,0,531
-8.77,2.00,0,378
-8.94,1.01,0,210
-9.00,0.00,0,833
-8.94,-1.01,0,576
-8.77,-2.00,0,576
-8.49,-2.97,0,499
-8.11,-3.90,0,868
-7.62,-4.79,0,30
-7.04,-5.61,0,194
-6.36,-6.36,0,570
-5.61,-7.04,0,986
-4.79,-7.62,0,553
-3.90,-8.11,0,148
-2.97,-8.49,0,247
-2.00,-8.77,0,126
-1.01,-8.94,0,440
0.00,-9.00,0,744
1.01,-8.94,0,1007
2.00,-8.77,0,592
2.97,-8.49,0,851
3.90,-8.11,0,708
4.79,-7.62,0,828
5.61,-7.04,0,565
6.36,-6.36,0,617
7.04,-5.61,0,304
7.62,-4.79,0,240
8.11,-3.90,0,296
8.49,-2.97,0,562
8.77,-2.00,0,675
8.94,-1.01,0,554
9.00,0.00,0,566
9.95,1.01,0,285
9.80,2.01,0,620
9.54,2.99,0,842
9.19,3.94,0,829
8.74,4.85,0,336
8.21,5.71,0,996
7.59,6.51,0,43
6.89,7.25,0,1003
6.12,7.91,0,270
5.29,8.49,0,826
4.40,8.98,0,551
3.47,9.38,0,283
2.51,9.68,0,548
1.51,9.88,0,902
0.51,9.99,0,737
-0.51,9.99,0,49
-1.51,9.88,0,733
-2.51,9.68,0,269
-3.47,9.38,0,861
-4.40,8.98,0,195
-5.29,8.49,0,588
-6.12,7.91,0,316
-6.89,7.25,0,704
-7.59,6.51,0,273
-8.21,5.71,0,580
-8.74,4.85,0,465
-9.19,3.94,0,174
-9.54,2.99,0,196
-9.80,2.01,0,682
-9.95,1.01,0,801
-10.00,0.00,0,523
-9.95,-1.01,0,397
-9.80,-2.01,0,500
-9.54,-2.99,0,785
-9.19,-3.94,0,742
-8.74,-4.85,0,513
-8.21,-5.71,0,124
-7.59,-6.51,0,943
-6.89,-7.25,0,104
-6.12,-7.91,0,782
-5.29,-8.49,0,265
-4.40,-8.98,0,792
-3.47,-9.38,0,973
-2.51,-9.68,0,140
-1.51,-9.88,0,41
-0.51,-9.99,0,5
0.51,-9.99,0,772
1.51,-9.88,0,797
2.51,-9.68,0,46
3.47,-9.38,0,585
4.40,-8.98,0,514
5.29,-8.49,0,71
6.12,-7.91,0,908
6.89,-7.25,0,446
7.59,-6.51,0,180
8.21,-5.71,0,671
8.74,-4.85,0,428
9.19,-3.94,0,889
9.54,-2.99,0,403
9.80,-2.01,0,1010
9.95,-1.01,0,951
10.00,0.00,0,1012
10.95,1.00,0,394
10.82,1.99,0,947
10.59,2.97,0,318
10.28,3.92,0,205
9.88,4.84,0,585
9.40,5.72,0,448
8.84,6.55,0,268
8.21,7.32,0,455
7.51,8.04,0,75
6.75,8.69,0,898
5.93,9.27,0,543
5.06,9.77,0,883
4.15,10.19,0,772
3.21,10.52,0,370
2.24,10.77,0,860
1.25,10.93,0,375
0.25,11.00,0,119
-0.75,10.97,0,672
-1.75,10.86,0,806
-2.73,10.66,0,248
-3.68,10.36,0,133
-4.61,9.99,0,837
-5.50,9.53,0,568
-6.34,8.99,0,853
-7.13,8.37,0,375
-7.87,7.69,0,127
-8.53,6.94,0,469
-9.13,6.14,0,843
-9.65,5.28,0,855
-10.09,4.38,0,918
-10.45,3.45,0,548
-10.72,2.48,0,923
-10.90,1.50,0,567
-10.99,0.50,0,83
-10.99,-0.50,0,425
-10.90,-1.50,0,721
-10.72,-2.48,0,4
-10.45,-3.45,0,961
-10.09,-4.38,0,806
-9.65,-5.28,0,194
-9.13,-6.14,0,494
-8.53,-6.94,0,52
-7.87,-7.69,0,308
-7.13,-8.37,0,160
-6.34,-8.99,0,63
-5.50,-9.53,0,832
-4.61,-9.99,0,325
-3.68,-10.36,0,258
-2.73,-10.66,0,279
-1.75,-10.86,0,221
-0.75,-10.97,0,676
0.25,-11.00,0,238
1.25,-10.93,0,454
2.24,-10.77,0,232
3.21,-10.52,0,966
4.15,-10.19,0,395
5.06,-9.77,0,752
5.93,-9.27,0,379
6.75,-8.69,0,322
7.51,-8.04,0,178
8.21,-7.32,0,594
8.84,-6.55,0,1003
9.40,-5.72,0,719
9.88,-4.84,0,788
10.28,-3.92,0,584
10.59,-2.97,0,679
10.82,-1.99,0,930
10.95,-1.00,0,918
11.00,0.00,0,71
11.96,1.00,0,596
11.83,2.00,0,557
11.62,2.98,0,452
11.33,3.95,0,418
10.96,4.88,0,322
10.52,5.78,0,348
10.00,6.64,0,105
9.40,7.45,0,489
8.75,8.21,0,839
8.03,8.92,0,324
7.26,9.56,0,160
6.43,10.13,0,591
5.56,10.63,0,120
4.65,11.06,0,738
3.71,11.41,0,857
2.74,11.68,0,144
1.75,11.87,0,825
0.75,11.98,0,399
-0.25,12.00,0,987
-1.25,11.93,0,61
-2.25,11.79,0,537
-3.23,11.56,0,790
-4.18,11.25,0,328
-5.11,10.86,0,730
-6.00,10.39,0,441
-6.85,9.85,0,749
-7.65,9.25,0,939
-8.40,8.57,0,421
-9.08,7.84,0,814
-9.71,7.05,0,53
-10.26,6.22,0,945
-10.75,5.34,0,56
-11.16,4.42,0,900
-11.49,3.47,0,1000
-11.74,2.49,0,251
-11.91,1.50,0,126
-11.99,0.50,0,449
-11.99,-0.50,0,409
-11.91,-1.50,0,149
-11.74,-2.49,0,924
-11.49,-3.47,0,146
-11.16,-4.42,0,170
-10.75,-5.34,0,966
-10.26,-6.22,0,99
-9.71,-7.05,0,728
-9.08,-7.84,0,382
-8.40,-8.57,0,349
-7.65,-9.25,0,374
-6.85,-9.85,0,897
-6.00,-10.39,0,64
-5.11,-10.86,0,390
-4.18,-11.25,0,915
-3.23,-11.56,0,84
-2.25,-11.79,0,594
-1.25,-11.93,0,415
-0.25,-12.00,0,828
0.75,-11.98,0,119
1.75,-11.87,0,624
2.74,-11.68,0,569
3.71,-11.41,0,819
4.65,-11.06,0,876
5.56,-10.63,0,926
6.43,-10.13,0,619
7.26,-9.56,0,427
8.03,-8.92,0,626
8.75,-8.21,0,616
9.40,-7.45,0,683
10.00,-6.64,0,833
10.52,-5.78,0,807
10.96,-4.88,0,1005
11.33,-3.95,0,898
11.62,-2.98,0,761
11.83,-2.00,0,785
11.96,-1.00,0,57
12.00,-0.00,0,60
0.00,0.00,1,607
0.50,0.87,1,33
-0.50,0.87,1,116
-1.00,0.00,1,785
-0.50,-0.87,1,119
0.50,-0.87,1,11
1.00,-0.00,1,382
1.73,1.00,1,220
1.00,1.73,1,441
0.00,2.00,1,594
-1.00,1.73,1,200
-1.73,1.00,1,206
-2.00,0.00,1,465
-1.73,-1.00,1,298
-1.00,-1.73,1,298
-0.00,-2.00,1,376
1.00,-1.73,1,274
1.73,-1.00,1,390
2.00,0.00,1,39
2.82,1.03,1,935
2.30,1.93,1,541
1.50,2.60,1,900
0.52,2.95,1,619
-0.52,2.95,1,92
-1.50,2.60,1,98
-2.30,1.93,1,458
-2.82,1.03,1,131
-3.00,0.00,1,238
-2.82,-1.03,1,635
-2.30,-1.93,1,96
-1.50,-2.60,1,898
-0.52,-2.95,1,816
0.52,-2.95,1,886
1.50,-2.60,1,539
2.30,-1.93,1,336
2.82,-1.03,1,64
3.00,-0.00,1,374
3.87,0.99,1,779
3.51,1.93,1,35
2.92,2.74,1,8
2.14,3.38,1,534
1.24,3.80,1,437
0.25,3.99,1,112
-0.75,3.93,1,241
-1.70,3.62,1,188
-2.55,3.08,1,658
-3.24,2.35,1,816
-3.72,1.47,1,211
-3.97,0.50,1,634
-3.97,-0.50,1,581
-3.72,-1.47,1,181
-3.24,-2.35,1,826
-2.55,-3.08,1,587
-1.70,-3.62,1,528
-0.75,-3.93,1,430
0.25,-3.99,1,761
1.24,-3.80,1,1008
2.14,-3.38,1,610
2.92,-2.74,1,850
3.51,-1.93,1,845
3.87,-0.99,1,170
4.00,0.00,1,76
4.90,1.01,1,931
4.59,1.97,1,642
4.10,2.86,1,19
3.44,3.62,1,490
2.64,4.24,1,845
1.74,4.69,1,757
0.76,4.94,1,876
-0.25,4.99,1,8
-1.25,4.84,1,802
-2.20,4.49,1,225
-3.06,3.95,1,944
-3.79,3.26,1,882
-4.37,2.43,1,668
-4.77,1.50,1,784
-4.97,0.51,1,157
-4.97,-0.51,1,803
-4.77,-1.50,1,129
-4.37,-2.43,1,608
-3.79,-3.26,1,620
-3.06,-3.95,1,348
-2.20,-4.49,1,366
-1.25,-4.84,1,852
-0.25,-4.99,1,346
0.76,-4.94,1,503
1.74,-4.69,1,609
2.64,-4.24,1,910
3.44,-3.62,1,545
4.10,-2.86,1,275
4.59,-1.97,1,447
4.90,-1.01,1,3
5.00,-0.00,1,897
5.91,1.01,1,670
5.66,2.00,1,201
5.24,2.93,1,152
4.67,3.77,1,328
3.96,4.50,1,238
3.15,5.11,1,586
2.24,5.57,1,916
1.26,5.87,1,930
0.25,5.99,1,34
-0.76,5.95,1,101
-1.76,5.74,1,19
-2.70,5.36,1,688
-3.57,4.82,1,836
-4.33,4.15,1,331
-4.97,3.36,1,717
-5.47,2.47,1,622
-5.81,1.51,1,211
-5.98,0.51,1,617
-5.98,-0.51,1,623
-5.81,-1.51,1,867
-5.47,-2.47,1,616
-4.97,-3.36,1,931
-4.33,-4.15,1,341
-3.57,-4.82,1,903
-2.70,-5.36,1,329
-1.76,-5.74,1,296
-0.76,-5.95,1,628
0.25,-5.99,1,649
1.26,-5.87,1,72
2.24,-5.57,1,256
3.15,-5.11,1,163
3.96,-4.50,1,128
4.67,-3.77,1,681
5.24,-2.93,1,740
5.66,-2.00,1,669
5.91,-1.01,1,121
6.00,-0.00,1,1016
6.93,1.02,1,770
6.70,2.02,1,870
6.34,2.97,1,709
5.84,3.86,1,630
5.21,4.67,1,529
4.48,5.38,1,967
3.65,5.98,1,676
2.74,6.44,1,111
1.77,6.77,1,803
0.77,6.96,1,790
-0.26,7.00,1,653
-1.27,6.88,1,657
-2.26,6.63,1,731
-3.20,6.23,1,955
-4.07,5.69,1,561
-4.86,5.04,1,883
-5.54,4.28,1,256
-6.10,3.43,1,957
-6.54,2.50,1,907
-6.83,1.52,1,948
-6.98,0.51,1,800
-6.98,-0.51,1,565
-6.83,-1.52,1,904
-6.54,-2.50,1,363
-6.10,-3.43,1,955
-5.54,-4.28,1,594
-4.86,-5.04,1,579
-4.07,-5.69,1,954
-3.20,-6.23,1,527
-2.26,-6.63,1,114
-1.27,-6.88,1,807
-0.26,-7.00,1,374
0.77,-6.96,1,705
1.77,-6.77,1,1006
2.74,-6.44,1,872
3.65,-5.98,1,1001
4.48,-5.38,1,796
5.21,-4.67,1,78
5.84,-3.86,1,195
6.34,-2.97,1,338
6.70,-2.02,1,572
6.93,-1.02,1,711
7.00,0.00,1,137
7.94,1.00,1,414
7.75,1.99,1,501
7.44,2.94,1,731
7.01,3.85,1,505
6.47,4.70,1,326
5.83,5.48,1,392
5.10,6.16,1,775
4.29,6.75,1,215
3.41,7.24,1,892
2.47,7.61,1,270
1.50,7.86,1,667
0.50,7.98,1,391
-0.50,7.98,1,595
-1.50,7.86,1,918
-2.47,7.61,1,68
-3.41,7.24,1,926
-4.29,6.75,1,696
-5.10,6.16,1,1015
-5.83,5.48,1,691
-6.47,4.70,1,489
-7.01,3.85,1,685
-7.44,2.94,1,304
-7.75,1.99,1,101
-7.94,1.00,1,166
-8.00,-0.00,1,510
-7.94,-1.00,1,942
-7.75,-1.99,1,906
-7.44,-2.94,1,139
-7.01,-3.85,1,248
-6.47,-4.70,1,760
-5.83,-5.48,1,65
-5.10,-6.16,1,801
-4.29,-6.75,1,44
-3.41,-7.24,1,143
-2.47,-7.61,1,264
-1.50,-7.86,1,731
-0.50,-7.98,1,492
0.50,-7.98,1,364
1.50,-7.86,1,532
2.47,-7.61,1,565
3.41,-7.24,1,969
4.29,-6.75,1,175
5.10,-6.16,1,791
5.83,-5.48,1,304
6.47,-4.70,1,349
7.01,-3.85,1,331
7.44,-2.94,1,705
7.75,-1.99,1,152
7.94,-1.00,1,901
8.00,0.00,1,461
8.94,1.01,1,933
8.77,2.00,1,69
8.49,2.97,1,180
8.11,3.90,1,997
7.62,4.79,1,966
7.04,5.61,1,733
6.36,6.36,1,1019
5.61,7.04,1,738
4.79,7.62,1,200
3.90,8.11,1,800
2.97,8.49,1,61
2.00,8.77,1,965
1.01,8.94,1,218
0.00,9.00,1,493
-1.01,8.94,1,393
-2.00,8.77,1,239
-2.97,8.49,1,99
-3.90,8.11,1,703
-4.79,7.62,1,746
-5.61,7.04,1,994
-6.36,6.36,1,189
-7.04,5.61,1,577
-7.62,4.79,1,589
-8.11,3.90,1,969
-8.49,2.97,1,314
-8.77,2.00,1,318
-8.94,1.01,1,856
-9.00,0.00,1,119
-8.94,-1.01,1,355
-8.77,-2.00,1,151
-8.49,-2.97,1,541
-8.11,-3.90,1,28
-7.62,-4.79,1,703
-7.04,-5.61,1,923
-6.36,-6.36,1,383
-5.61,-7.04,1,90
-4.79,-7.62,1,572
-3.90,-8.11,1,758
-2.97,-8.49,1,965
-2.00,-8.77,1,930
-1.01,-8.94,1,427
0.00,-9.00,1,630
1.01,-8.94,1,483
2.00,-8.77,1,312
2.97,-8.49,1,336
3.90,-8.11,1,568
4.79,-7.62,1,856
5.61,-7.04,1,499
6.36,-6.36,1,303
7.04,-5.61,1,962
7.62,-4.79,1,267
8.11,-3.90,1,238
8.49,-2.97,1,701
8.77,-2.00,1,978
8.94,-1.01,1,677
9.00,0.00,1,898
9.95,1.01,1,81
9.80,2.01,1,340
9.54,2.99,1,229
9.19,3.94,1,384
8.74,4.85,1,95
8.21,5.71,1,423
7.59,6.51,1,525
6.89,7.25,1,466
6.12,7.91,1,297
5.29,8.49,1,496
4.40,8.98,1,434
3.47,9.38,1,381
2.51,9.68,1,710
1.51,9.88,1,754
0.51,9.99,1,192
-0.51,9.99,1,444
-1.51,9.88,1,107
-2.51,9.68,1,843
-3.47,9.38,1,416
-4.40,8.98,1,905
-5.29,8.49,1,133
-6.12,7.91,1,441
-6.89,7.25,1,204
-7.59,6.51,1,467
-8.21,5.71,1,287
-8.74,4.85,1,43
-9.19,3.94,1,676
-9.54,2.99,1,836
-9.80,2.01,1,760
-9.95,1.01,1,726
-10.00,0.00,1,172
-9.95,-1.01,1,204
-9.80,-2.01,1,934
-9.54,-2.99,1,620
-9.19,-3.94,1,229
-8.74,-4.85,1,840
-8.21,-5.71,1,809
-7.59,-6.51,1,1024
-6.89,-7.25,1,142
-6.12,-7.91,1,493
-5.29,-8.49,1,408
-4.40,-8.98,1,130
-3.47,-9.38,1,962
-2.51,-9.68,1,424
-1.51,-9.88,1,513
-0.51,-9.99,1,624
0.51,-9.99,1,276
1.51,-9.88,1,970
2.51,-9.68,1,855
3.47,-9.38,1,515
4.40,-8.98,1,47
5.29,-8.49,1,426
6.12,-7.91,1,591
6.89,-7.25,1,846
7.59,-6.51,1,894
8.21,-5.71,1,142
8.74,-4.85,1,853
9.19,-3.94,1,342
9.54,-2.99,1,219
9.80,-2.01,1,463
9.95,-1.01,1,897
10.00,0.00,1,398
10.95,1.00,1,895
10.82,1.99,1,335
10.59,2.97,1,912
10.28,3.92,1,789
9.88,4.84,1,160
9.40,5.72,1,793
8.84,6.55,1,617
8.21,7.32,1,463
7.51,8.04,1,932
6.75,8.69,1,768
5.93,9.27,1,881
5.06,9.77,1,528
4.15,10.19,1,857
3.21,10.52,1,809
2.24,10.77,1,34
1.25,10.93,1,881
0.25,11.00,1,529
-0.75,10.97,1,634
-1.75,10.86,1,21
-2.73,10.66,1,355
-3.68,10.36,1,590
-4.61,9.99,1,934
-5.50,9.53,1,741
-6.34,8.99,1,671
-7.13,8.37,1,980
-7.87,7.69,1,389
-8.53,6.94,1,505
-9.13,6.14,1,912
-9.65,5.28,1,887
-10.09,4.38,1,45
-10.45,3.45,1,884
-10.72,2.48,1,829
-10.90,1.50,1,96
-10.99,0.50,1,807
-10.99,-0.50,1,838
-10.90,-1.50,1,300
-10.72,-2.48,1,263
-10.45,-3.45,1,588
-10.09,-4.38,1,584
-9.65,-5.28,1,633
-9.13,-6.14,1,653
-8.53,-6.94,1,354
-7.87,-7.69,1,916
-7.13,-8.37,1,476
-6.34,-8.99,1,944
-5.50,-9.53,1,678
-4.61,-9.99,1,426
-3.68,-10.36,1,167
-2.73,-10.66,1,921
-1.75,-10.86,1,642
-0.75,-10.97,1,91
0.25,-11.00,1,117
1.25,-10.93,1,131
2.24,-10.77,1,338
3.21,-10.52,1,943
4.15,-10.19,1,233
5.06,-9.77,1,971
5.93,-9.27,1,711
6.75,-8.69,1,834
7.51,-8.04,1,619
8.21,-7.32,1,686
8.84,-6.55,1,534
9.40,-5.72,1,757
9.88,-4.84,1,615
10.28,-3.92,1,655
10.59,-2.97,1,366
10.82,-1.99,1,154
10.95,-1.00,1,80
11.00,0.00,1,167
11.96,1.00,1,1003
11.83,2.00,1,366
11.62,2.98,1,662
11.33,3.95,1,802
10.96,4.88,1,152
10.52,5.78,1,511
10.00,6.64,1,343
9.40,7.45,1,23
8.75,8.21,1,267
8.03,8.92,1,557
7.26,9.56,1,410
6.43,10.13,1,91
5.56,10.63,1,938
4.65,11.06,1,239
3.71,11.41,1,534
2.74,11.68,1,411
1.75,11.87,1,497
0.75,11.98,1,724
-0.25,12.00,1,67
-1.25,11.93,1,484
-2.25,11.79,1,93
-3.23,11.56,1,998
-4.18,11.25,1,150
-5.11,10.86,1,292
-6.00,10.39,1,779
-6.85,9.85,1,276
-7.65,9.25,1,15
-8.40,8.57,1,945
-9.08,7.84,1,615
-9.71,7.05,1,948
-10.26,6.22,1,569
-10.75,5.34,1,639
-11.16,4.42,1,91
-11.49,3.47,1,179
-11.74,2.49,1,844
-11.91,1.50,1,384
-11.99,0.50,1,636
-11.99,-0.50,1,351
-11.91,-1.50,1,354
-11.74,-2.49,1,178
-11.49,-3.47,1,471
-11.16,-4.42,1,274
-10.75,-5.34,1,824
-10.26,-6.22,1,417
-9.71,-7.05,1,357
-9.08,-7.84,1,543
-8.40,-8.57,1,677
-7.65,-9.25,1,971
-6.85,-9.85,1,497
-6.00,-10.39,1,933
-5.11,-10.86,1,788
-4.18,-11.25,1,233
-3.23,-11.56,1,650
-2.25,-11.79,1,163
-1.25,-11.93,1,209
-0.25,-12.00,1,91
0.75,-11.98,1,800
1.75,-11.87,1,142
2.74,-11.68,1,564
3.71,-11.41,1,1018
4.65,-11.06,1,903
5.56,-10.63,1,824
6.43,-10.13,1,697
7.26,-9.56,1,305
8.03,-8.92,1,899
8.75,-8.21,1,490
9.40,-7.45,1,505
10.00,-6.64,1,42
10.52,-5.78,1,288
10.96,-4.88,1,115
11.33,-3.95,1,551
11.62,-2.98,1,153
11.83,-2.00,1,576
11.96,-1.00,1,928
12.00,-0.00,1,859
0.00,0.00,2,14
0.50,0.87,2,438
-0.50,0.87,2,272
-1.00,0.00,2,588
-0.50,-0.87,2,282
0.50,-0.87,2,792
1.00,-0.00,2,102
1.73,1.00,2,474
1.00,1.73,2,409
0.00,2.00,2,352
-1.00,1.73,2,235
-1.73,1.00,2,735
-2.00,0.00,2,209
-1.73,-1.00,2,687
-1.00,-1.73,2,405
-0.00,-2.00,2,13
1.00,-1.73,2,236
1.73,-1.00,2,237
2.00,0.00,2,564
2.82,1.03,2,66
2.30,1.93,2,264
1.50,2.60,2,593
0.52,2.95,2,110
-0.52,2.95,2,515
-1.50,2.60,2,807
-2.30,1.93,2,22
-2.82,1.03,2,750
-3.00,0.00,2,409
-2.82,-1.03,2,22
-2.30,-1.93,2,49
-1.50,-2.60,2,595
-0.52,-2.95,2,851
0.52,-2.95,2,519
1.50,-2.60,2,321
2.30,-1.93,2,892
2.82,-1.03,2,907
3.00,-0.00,2,223
3.87,0.99,2,501
3.51,1.93,2,522
2.92,2.74,2,854
2.14,3.38,2,863
1.24,3.80,2,323
0.25,3.99,2,613
-0.75,3.93,2,522
-1.70,3.62,2,805
-2.55,3.08,2,43
-3.24,2.35,2,639
-3.72,1.47,2,187
-3.97,0.50,2,960
-3.97,-0.50,2,193
-3.72,-1.47,2,898
-3.24,-2.35,2,961
-2.55,-3.08,2,555
-1.70,-3.62,2,432
-0.75,-3.93,2,433
0.25,-3.99,2,356
1.24,-3.80,2,118
2.14,-3.38,2,861
2.92,-2.74,2,388
3.51,-1.93,2,344
3.87,-0.99,2,934
4.00,0.00,2,546
4.90,1.01,2,259
4.59,1.97,2,683
4.10,2.86,2,221
3.44,3.62,2,1023
2.64,4.24,2,956
1.74,4.69,2,195
0.76,4.94,2,376
-0.25,4.99,2,538
-1.25,4.84,2,894
-2.20,4.49,2,59
-3.06,3.95,2,550
-3.79,3.26,2,718
-4.37,2.43,2,256
-4.77,1.50,2,86
-4.97,0.51,2,427
-4.97,-0.51,2,716
-4.77,-1.50,2,345
-4.37,-2.43,2,882
-3.79,-3.26,2,230
-3.06,-3.95,2,664
-2.20,-4.49,2,820
-1.25,-4.84,2,650
-0.25,-4.99,2,467
0.76,-4.94,2,987
1.74,-4.69,2,35
2.64,-4.24,2,323
3.44,-3.62,2,944
4.10,-2.86,2,505
4.59,-1.97,2,58
4.90,-1.01,2,342
5.00,-0.00,2,201
5.91,1.01,2,149
5.66,2.00,2,408
5.24,2.93,2,91
4.67,3.77,2,892
3.96,4.50,2,802
3.15,5.11,2,594
2.24,5.57,2,864
1.26,5.87,2,594
0.25,5.99,2,372
-0.76,5.95,2,850
-1.76,5.74,2,196
-2.70,5.36,2,718
-3.57,4.82,2,946
-4.33,4.15,2,268
-4.97,3.36,2,241
-5.47,2.47,2,297
-5.81,1.51,2,1017
-5.98,0.51,2,404
-5.98,-0.51,2,322
-5.81,-1.51,2,843
-5.47,-2.47,2,962
-4.97,-3.36,2,530
-4.33,-4.15,2,451
-3.57,-4.82,2,603
-2.70,-5.36,2,732
-1.76,-5.74,2,500
-0.76,-5.95,2,174
0.25,-5.99,2,608
1.26,-5.87,2,971
2.24,-5.57,2,360
3.15,-5.11,2,323
3.96,-4.50,2,585
4.67,-3.77,2,341
5.24,-2.93,2,403
5.66,-2.00,2,237
5.91,-1.01,2,766
6.00,-0.00,2,635
6.93,1.02,2,975
6.70,2.02,2,372
6.34,2.97,2,889
5.84,3.86,2,985
5.21,4.67,2,1012
4.48,5.38,2,559
3.65,5.98,2,233
2.74,6.44,2,449
1.77,6.77,2,699
0.77,6.96,2,226
-0.26,7.00,2,68
-1.27,6.88,2,223
-2.26,6.63,2,209
-3.20,6.23,2,694
-4.07,5.69,2,636
-4.86,5.04,2,223
-5.54,4.28,2,370
-6.10,3.43,2,121
-6.54,2.50,2,678
-6.83,1.52,2,602
-6.98,0.51,2,220
-6.98,-0.51,2,238
-6.83,-1.52,2,646
-6.54,-2.50,2,23
-6.10,-3.43,2,440
-5.54,-4.28,2,582
-4.86,-5.04,2,821
-4.07,-5.69,2,982
-3.20,-6.23,2,245
-2.26,-6.63,2,982
-1.27,-6.88,2,961
-0.26,-7.00,2,447
0.77,-6.96,2,777
1.77,-6.77,2,547
2.74,-6.44,2,653
3.65,-5.98,2,74
4.48,-5.38,2,265
5.21,-4.67,2,304
5.84,-3.86,2,1004
6.34,-2.97,2,210
6.70,-2.02,2,581
6.93,-1.02,2,928
7.00,0.00,2,577
7.94,1.00,2,387
7.75,1.99,2,517
7.44,2.94,2,682
7.01,3.85,2,529
6.47,4.70,2,763
5.83,5.48,2,676
5.10,6.16,2,716
4.29,6.75,2,414
3.41,7.24,2,156
2.47,7.61,2,82
1.50,7.86,2,571
0.50,7.98,2,792
-0.50,7.98,2,482
-1.50,7.86,2,555
-2.47,7.61,2,730
-3.41,7.24,2,251
-4.29,6.75,2,933
-5.10,6.16,2,440
-5.83,5.48,2,198
-6.47,4.70,2,697
-7.01,3.85,2,228
-7.44,2.94,2,226
-7.75,1.99,2,658
-7.94,1.00,2,714
-8.00,-0.00,2,300
-7.94,-1.00,2,255
-7.75,-1.99,2,859
-7.44,-2.94,2,631
-7.01,-3.85,2,375
-6.47,-4.70,2,704
-5.83,-5.48,2,270
-5.10,-6.16,2,176
-4.29,-6.75,2,698
-3.41,-7.24,2,773
-2.47,-7.61,2,563
-1.50,-7.86,2,837
-0.50,-7.98,2,798
0.50,-7.98,2,714
1.50,-7.86,2,682
2.47,-7.61,2,225
3.41,-7.24,2,176
4.29,-6.75,2,830
5.10,-6.16,2,505
5.83,-5.48,2,329
6.47,-4.70,2,600
7.01,-3.85,2,964
7.44,-2.94,2,964
7.75,-1.99,2,28
7.94,-1.00,2,733
8.00,0.00,2,513
8.94,1.01,2,225
8.77,2.00,2,41
8.49,2.97,2,365
8.11,3.90,2,434
7.62,4.79,2,138
7.04,5.61,2,1006
6.36,6.36,2,117
5.61,7.04,2,327
4.79,7.62,2,224
3.90,8.11,2,479
2.97,8.49,2,667
2.00,8.77,2,674
1.01,8.94,2,535
0.00,9.00,2,220
-1.01,8.94,2,482
-2.00,8.77,2,517
-2.97,8.49,2,33
-3.90,8.11,2,708
-4.79,7.62,2,293
-5.61,7.04,2,422
-6.36,6.36,2,778
-7.04,5.61,2,751
-7.62,4.79,2,191
-8.11,3.90,2,494
-8.49,2.97,2,714
-8.77,2.00,2,219
-8.94,1.01,2,370
-9.00,0.00,2,962
-8.94,-1.01,2,574
-8.77,-2.00,2,126
-8.49,-2.97,2,895
-8.11,-3.90,2,741
-7.62,-4.79,2,180
-7.04,-5.61,2,306
-6.36,-6.36,2,545
-5.61,-7.04,2,910
-4.79,-7.62,2,111
-3.90,-8.11,2,171
-2.97,-8.49,2,693
-2.00,-8.77,2,722
-1.01,-8.94,2,618
0.00,-9.00,2,740
1.01,-8.94,2,814
2.00,-8.77,2,869
2.97,-8.49,2,839
3.90,-8.11,2,399
4.79,-7.62,2,615
5.61,-7.04,2,614
6.36,-6.36,2,543
7.04,-5.61,2,248
7.62,-4.79,2,628
8.11,-3.90,2,366
8.49,-2.97,2,773
8.77,-2.00,2,18
8.94,-1.01,2,179
9.00,0.00,2,826
9.95,1.01,2,660
9.80,2.01,2,763
9.54,2.99,2,198
9.19,3.94,2,817
8.74,4.85,2,581
8.21,5.71,2,725
7.59,6.51,2,311
6.89,7.25,2,970
6.12,7.91,2,212
5.29,8.49,2,922
4.40,8.98,2,331
3.47,9.38,2,556
2.51,9.68,2,800
1.51,9.88,2,524
0.51,9.99,2,293
-0.51,9.99,2,756
-1.51,9.88,2,873
-2.51,9.68,2,381
-3.47,9.38,2,78
-4.40,8.98,2,61
-5.29,8.49,2,368
-6.12,7.91,2,832
-6.89,7.25,2,79
-7.59,6.51,2,511
-8.21,5.71,2,974
-8.74,4.85,2,111
-9.19,3.94,2,674
-9.54,2.99,2,362
-9.80,2.01,2,219
-9.95,1.01,2,409
-10.00,0.00,2,193
-9.95,-1.01,2,444
-9.80,-2.01,2,635
-9.54,-2.99,2,90
-9.19,-3.94,2,1002
-8.74,-4.85,2,350
-8.21,-5.71,2,941
-7.59,-6.51,2,3
-6.89,-7.25,2,937
-6.12,-7.91,2,290
-5.29,-8.49,2,926
-4.40,-8.98,2,146
-3.47,-9.38,2,46
-2.51,-9.68,2,4
-1.51,-9.88,2,376
-0.51,-9.99,2,782
0.51,-9.99,2,556
1.51,-9.88,2,612
2.51,-9.68,2,4
3.47,-9.38,2,883
4.40,-8.98,2,857
5.29,-8.49,2,330
6.12,-7.91,2,370
6.89,-7.25,2,772
7.59,-6.51,2,851
8.21,-5.71,2,148
8.74,-4.85,2,441
9.19,-3.94,2,306
9.54,-2.99,2,806
9.80,-2.01,2,756
9.95,-1.01,2,726
10.00,0.00,2,726
10.95,1.00,2,717
10.82,1.99,2,427
10.59,2.97,2,1019
10.28,3.92,2,709
9.88,4.84,2,498
9.40,5.72,2,603
8.84,6.55,2,350
8.21,7.32,2,130
7.51,8.04,2,389
6.75,8.69,2,934
5.93,9.27,2,574
5.06,9.77,2,296
4.15,10.19,2,529
3.21,10.52,2,515
2.24,10.77,2,545
1.25,10.93,2,492
0.25,11.00,2,534
-0.75,10.97,2,965
-1.75,10.86,2,184
-2.73,10.66,2,356
-3.68,10.36,2,665
-4.61,9.99,2,532
-5.50,9.53,2,284
-6.34,8.99,2,173
-7.13,8.37,2,942
-7.87,7.69,2,483
-8.53,6.94,2,301
-9.13,6.14,2,851
-9.65,5.28,2,812
-10.09,4.38,2,39
-10.45,3.45,2,559
-10.72,2.48,2,576
-10.90,1.50,2,430
-10.99,0.50,2,599
-10.99,-0.50,2,144
-10.90,-1.50,2,278
-10.72,-2.48,2,892
-10.45,-3.45,2,804
-10.09,-4.38,2,450
-9.65,-5.28,2,830
-9.13,-6.14,2,38
-8.53,-6.94,2,861
-7.87,-7.69,2,45
-7.13,-8.37,2,146
-6.34,-8.99,2,5
-5.50,-9.53,2,171
-4.61,-9.99,2,719
-3.68,-10.36,2,636
-2.73,-10.66,2,242
-1.75,-10.86,2,742
-0.75,-10.97,2,143
0.25,-11.00,2,172
1.25,-10.93,2,809
2.24,-10.77,2,165
3.21,-10.52,2,932
4.15,-10.19,2,604
5.06,-9.77,2,260
5.93,-9.27,2,286
6.75,-8.69,2,105
7.51,-8.04,2,142
8.21,-7.32,2,617
8.84,-6.55,2,678
9.40,-5.72,2,39
9.88,-4.84,2,439
10.28,-3.92,2,501
10.59,-2.97,2,669
10.82,-1.99,2,157
10.95,-1.00,2,656
11.00,0.00,2,798
11.96,1.00,2,179
11.83,2.00,2,793
11.62,2.98,2,652
11.33,3.95,2,202
10.96,4.88,2,338
10.52,5.78,2,345
10.00,6.64,2,422
9.40,7.45,2,796
8.75,8.21,2,253
8.03,8.92,2,366
7.26,9.56,2,94
6.43,10.13,2,853
5.56,10.63,2,488
4.65,11.06,2,583
3.71,11.41,2,955
2.74,11.68,2,944
1.75,11.87,2,38
0.75,11.98,2,894
-0.25,12.00,2,742
-1.25,11.93,2,605
-2.25,11.79,2,380
-3.23,11.56,2,539
-4.18,11.25,2,893
-5.11,10.86,2,880
-6.00,10.39,2,123
-6.85,9.85,2,818
-7.65,9.25,2,67
-8.40,8.57,2,984
-9.08,7.84,2,636
-9.71,7.05,2,678
-10.26,6.22,2,902
-10.75,5.34,2,676
-11.16,4.42,2,286
-11.49,3.47,2,609
-11.74,2.49,2,620
-11.91,1.50,2,61
-11.99,0.50,2,120
-11.99,-0.50,2,783
-11.91,-1.50,2,915
-11.74,-2.49,2,112
-11.49,-3.47,2,864
-11.16,-4.42,2,235
-10.75,-5.34,2,555
-10.26,-6.22,2,465
-9.71,-7.05,2,742
-9.08,-7.84,2,733
-8.40,-8.57,2,717
-7.65,-9.25,2,538
-6.85,-9.85,2,934
-6.00,-10.39,2,1009
-5.11,-10.86,2,317
-4.18,-11.25,2,509
-3.23,-11.56,2,652
-2.25,-11.79,2,428
-1.25,-11.93,2,908
-0.25,-12.00,2,559
0.75,-11.98,2,449
1.75,-11.87,2,656
2.74,-11.68,2,991
3.71,-11.41,2,146
4.65,-11.06,2,219
5.56,-10.63,2,307
6.43,-10.13,2,242
7.26,-9.56,2,917
8.03,-8.92,2,972
8.75,-8.21,2,685
9.40,-7.45,2,952
10.00,-6.64,2,704
10.52,-5.78,2,439
10.96,-4.88,2,98
11.33,-3.95,2,651
11.62,-2.98,2,48
11.83,-2.00,2,430
11.96,-1.00,2,59
12.00,-0.00,2,805
0.00,0.00,3,84
0.50,0.87,3,63
-0.50,0.87,3,937
-1.00,0.00,3,215
-0.50,-0.87,3,459
0.50,-0.87,3,709
1.00,-0.00,3,429
1.73,1.00,3,290
1.00,1.73,3,195
0.00,2.00,3,220
-1.00,1.73,3,30
-1.73,1.00,3,954
-2.00,0.00,3,951
-1.73,-1.00,3,783
-1.00,-1.73,3,757
-0.00,-2.00,3,192
1.00,-1.73,3,564
1.73,-1.00,3,211
2.00,0.00,3,563
2.82,1.03,3,283
2.30,1.93,3,590
1.50,2.60,3,118
0.52,2.95,3,609
-0.52,2.95,3,106
-1.50,2.60,3,117
-2.30,1.93,3,75
-2.82,1.03,3,175
-3.00,0.00,3,226
-2.82,-1.03,3,365
-2.30,-1.93,3,89
-1.50,-2.60,3,552
-0.52,-2.95,3,944
0.52,-2.95,3,541
1.50,-2.60,3,571
2.30,-1.93,3,558
2.82,-1.03,3,78
3.00,-0.00,3,824
3.87,0.99,3,120
3.51,1.93,3,611
2.92,2.74,3,190
2.14,3.38,3,557
1.24,3.80,3,877
0.25,3.99,3,272
-0.75,3.93,3,838
-1.70,3.62,3,68
-2.55,3.08,3,737
-3.24,2.35,3,189
-3.72,1.47,3,716
-3.97,0.50,3,788
-3.97,-0.50,3,812
-3.72,-1.47,3,92
-3.24,-2.35,3,447
-2.55,-3.08,3,66
-1.70,-3.62,3,302
-0.75,-3.93,3,800
0.25,-3.99,3,382
1.24,-3.80,3,759
2.14,-3.38,3,41
2.92,-2.74,3,315
3.51,-1.93,3,644
3.87,-0.99,3,785
4.00,0.00,3,1008
4.90,1.01,3,1015
4.59,1.97,3,683
4.10,2.86,3,964
3.44,3.62,3,77
2.64,4.24,3,338
1.74,4.69,3,951
0.76,4.94,3,70
-0.25,4.99,3,60
-1.25,4.84,3,722
-2.20,4.49,3,179
-3.06,3.95,3,680
-3.79,3.26,3,463
-4.37,2.43,3,78
-4.77,1.50,3,360
-4.97,0.51,3,443
-4.97,-0.51,3,818
-4.77,-1.50,3,20
-4.37,-2.43,3,186
-3.79,-3.26,3,949
-3.06,-3.95,3,1017
-2.20,-4.49,3,789
-1.25,-4.84,3,670
-0.25,-4.99,3,149
0.76,-4.94,3,709
1.74,-4.69,3,153
2.64,-4.24,3,305
3.44,-3.62,3,87
4.10,-2.86,3,808
4.59,-1.97,3,855
4.90,-1.01,3,7
5.00,-0.00,3,489
5.91,1.01,3,706
5.66,2.00,3,278
5.24,2.93,3,472
4.67,3.77,3,135
3.96,4.50,3,466
3.15,5.11,3,387
2.24,5.57,3,766
1.26,5.87,3,845
0.25,5.99,3,386
-0.76,5.95,3,314
-1.76,5.74,3,809
-2.70,5.36,3,440
-3.57,4.82,3,568
-4.33,4.15,3,738
-4.97,3.36,3,544
-5.47,2.47,3,379
-5.81,1.51,3,716
-5.98,0.51,3,99
-5.98,-0.51,3,862
-5.81,-1.51,3,632
-5.47,-2.47,3,141
-4.97,-3.36,3,419
-4.33,-4.15,3,534
-3.57,-4.82,3,332
-2.70,-5.36,3,215
-1.76,-5.74,3,590
-0.76,-5.95,3,27
0.25,-5.99,3,594
1.26,-5.87,3,277
2.24,-5.57,3,150
3.15,-5.11,3,514
3.96,-4.50,3,26
4.67,-3.77,3,167
5.24,-2.93,3,376
5.66,-2.00,3,364
5.91,-1.01,3,312
6.00,-0.00,3,1007
6.93,1.02,3,387
6.70,2.02,3,974
6.34,2.97,3,414
5.84,3.86,3,346
5.21,4.67,3,166
4.48,5.38,3,1013
3.65,5.98,3,971
2.74,6.44,3,46
1.77,6.77,3,64
0.77,6.96,3,631
-0.26,7.00,3,773
-1.27,6.88,3,218
-2.26,6.63,3,804
-3.20,6.23,3,109
-4.07,5.69,3,65
-4.86,5.04,3,826
-5.54,4.28,3,610
-6.10,3.43,3,151
-6.54,2.50,3,939
-6.83,1.52,3,1008
-6.98,0.51,3,875
-6.98,-0.51,3,842
-6.83,-1.52,3,237
-6.54,-2.50,3,922
-6.10,-3.43,3,429
-5.54,-4.28,3,394
-4.86,-5.04,3,303
-4.07,-5.69,3,303
-3.20,-6.23,3,174
-2.26,-6.63,3,177
-1.27,-6.88,3,506
-0.26,-7.00,3,695
0.77,-6.96,3,753
1.77,-6.77,3,92
2.74,-6.44,3,325
3.65,-5.98,3,752
4.48,-5.38,3,49
5.21,-4.67,3,1001
5.84,-3.86,3,437
6.34,-2.97,3,592
6.70,-2.02,3,404
6.93,-1.02,3,22
7.00,0.00,3,578
7.94,1.00,3,792
7.75,1.99,3,740
7.44,2.94,3,995
7.01,3.85,3,949
6.47,4.70,3,314
5.83,5.48,3,494
5.10,6.16,3,324
4.29,6.75,3,486
3.41,7.24,3,997
2.47,7.61,3,624
1.50,7.86,3,825
0.50,7.98,3,848
-0.50,7.98,3,909
-1.50,7.86,3,359
-2.47,7.61,3,937
-3.41,7.24,3,236
-4.29,6.75,3,669
-5.10,6.16,3,653
-5.83,5.48,3,176
-6.47,4.70,3,284
-7.01,3.85,3,234
-7.44,2.94,3,899
-7.75,1.99,3,575
-7.94,1.00,3,613
-8.00,-0.00,3,897
-7.94,-1.00,3,497
-7.75,-1.99,3,253
-7.44,-2.94,3,69
-7.01,-3.85,3,548
-6.47,-4.70,3,47
-5.83,-5.48,3,343
-5.10,-6.16,3,141
-4.29,-6.75,3,239
-3.41,-7.24,3,630
-2.47,-7.61,3,349
-1.50,-7.86,3,908
-0.50,-7.98,3,670
0.50,-7.98,3,120
1.50,-7.86,3,119
2.47,-7.61,3,769
3.41,-7.24,3,947
4.29,-6.75,3,694
5.10,-6.16,3,564
5.83,-5.48,3,318
6.47,-4.70,3,169
7.01,-3.85,3,551
7.44,-2.94,3,652
7.75,-1.99,3,503
7.94,-1.00,3,466
8.00,0.00,3,284
8.94,1.01,3,3
8.77,2.00,3,377
8.49,2.97,3,951
8.11,3.90,3,898
7.62,4.79,3,207
7.04,5.61,3,42
6.36,6.36,3,886
5.61,7.04,3,309
4.79,7.62,3,477
3.90,8.11,3,516
2.97,8.49,3,996
2.00,8.77,3,136
1.01,8.94,3,738
0.00,9.00,3,492
-1.01,8.94,3,753
-2.00,8.77,3,996
-2.97,8.49,3,943
-3.90,8.11,3,408
-4.79,7.62,3,847
-5.61,7.04,3,918
-6.36,6.36,3,926
-7.04,5.61,3,161
-7.62,4.79,3,672
-8.11,3.90,3,191
-8.49,2.97,3,75
-8.77,2.00,3,773
-8.94,1.01,3,753
-9.00,0.00,3,672
-8.94,-1.01,3,531
-8.77,-2.00,3,646
-8.49,-2.97,3,918
-8.11,-3.90,3,1019
-7.62,-4.79,3,970
-7.04,-5.61,3,685
-6.36,-6.36,3,686
-5.61,-7.04,3,822
-4.79,-7.62,3,516
-3.90,-8.11,3,353
-2.97,-8.49,3,430
-2.00,-8.77,3,292
-1.01,-8.94,3,230
0.00,-9.00,3,556
1.01,-8.94,3,954
2.00,-8.77,3,426
2.97,-8.49,3,345
3.90,-8.11,3,721
4.79,-7.62,3,669
5.61,-7.04,3,55
6.36,-6.36,3,95
7.04,-5.61,3,383
7.62,-4.79,3,296
8.11,-3.90,3,347
8.49,-2.97,3,138
8.77,-2.00,3,982
8.94,-1.01,3,223
9.00,0.00,3,55
9.95,1.01,3,292
9.80,2.01,3,415
9.54,2.99,3,817
9.19,3.94,3,684
8.74,4.85,3,893
8.21,5.71,3,378
7.59,6.51,3,75
6.89,7.25,3,128
6.12,7.91,3,151
5.29,8.49,3,957
4.40,8.98,3,694
3.47,9.38,3,239
2.51,9.68,3,981
1.51,9.88,3,380
0.51,9.99,3,450
-0.51,9.99,3,634
-1.51,9.88,3,24
-2.51,9.68,3,968
-3.47,9.38,3,867
-4.40,8.98,3,981
-5.29,8.49,3,1011
-6.12,7.91,3,249
-6.89,7.25,3,772
-7.59,6.51,3,237
-8.21,5.71,3,893
-8.74,4.85,3,349
-9.19,3.94,3,448
-9.54,2.99,3,371
-9.80,2.01,3,790
-9.95,1.01,3,585
-10.00,0.00,3,165
-9.95,-1.01,3,960
-9.80,-2.01,3,222
-9.54,-2.99,3,8
-9.19,-3.94,3,509
-8.74,-4.85,3,804
-8.21,-5.71,3,302
-7.59,-6.51,3,561
-6.89,-7.25,3,410
-6.12,-7.91,3,974
-5.29,-8.49,3,970
-4.40,-8.98,3,840
-3.47,-9.38,3,892
-2.51,-9.68,3,802
-1.51,-9.88,3,943
-0.51,-9.99,3,876
0.51,-9.99,3,563
1.51,-9.88,3,274
2.51,-9.68,3,691
3.47,-9.38,3,854
4.40,-8.98,3,246
5.29,-8.49,3,673
6.12,-7.91,3,665
6.89,-7.25,3,600
7.59,-6.51,3,1011
8.21,-5.71,3,331
8.74,-4.85,3,855
9.19,-3.94,3,329
9.54,-2.99,3,337
9.80,-2.01,3,358
9.95,-1.01,3,472
10.00,0.00,3,338
10.95,1.00,3,1023
10.82,1.99,3,798
10.59,2.97,3,895
10.28,3.92,3,865
9.88,4.84,3,238
9.40,5.72,3,670
8.84,6.55,3,726
8.21,7.32,3,956
7.51,8.04,3,801
6.75,8.69,3,646
5.93,9.27,3,410
5.06,9.77,3,330
4.15,10.19,3,56
3.21,10.52,3,1003
2.24,10.77,3,900
1.25,10.93,3,541
0.25,11.00,3,934
-0.75,10.97,3,564
-1.75,10.86,3,943
-2.73,10.66,3,925
-3.68,10.36,3,921
-4.61,9.99,3,37
-5.50,9.53,3,822
-6.34,8.99,3,312
-7.13,8.37,3,234
-7.87,7.69,3,209
-8.53,6.94,3,910
-9.13,6.14,3,370
-9.65,5.28,3,207
-10.09,4.38,3,473
-10.45,3.45,3,669
-10.72,2.48,3,982
-10.90,1.50,3,305
-10.99,0.50,3,362
-10.99,-0.50,3,930
-10.90,-1.50,3,385
-10.72,-2.48,3,837
-10.45,-3.45,3,426
-10.09,-4.38,3,397
-9.65,-5.28,3,211
-9.13,-6.14,3,675
-8.53,-6.94,3,251
-7.87,-7.69,3,962
-7.13,-8.37,3,503
-6.34,-8.99,3,976
-5.50,-9.53,3,228
-4.61,-9.99,3,970
-3.68,-10.36,3,176
-2.73,-10.66,3,710
-1.75,-10.86,3,478
-0.75,-10.97,3,802
0.25,-11.00,3,419
1.25,-10.93,3,265
2.24,-10.77,3,227
3.21,-10.52,3,560
4.15,-10.19,3,270
5.06,-9.77,3,859
5.93,-9.27,3,772
6.75,-8.69,3,122
7.51,-8.04,3,942
8.21,-7.32,3,205
8.84,-6.55,3,696
9.40,-5.72,3,334
9.88,-4.84,3,403
10.28,-3.92,3,389
10.59,-2.97,3,637
10.82,-1.99,3,724
10.95,-1.00,3,785
11.00,0.00,3,876
11.96,1.00,3,630
11.83,2.00,3,426
11.62,2.98,3,625
11.33,3.95,3,399
10.96,4.88,3,34
10.52,5.78,3,626
10.00,6.64,3,599
9.40,7.45,3,99
8.75,8.21,3,984
8.03,8.92,3,121
7.26,9.56,3,456
6.43,10.13,3,223
5.56,10.63,3,681
4.65,11.06,3,102
3.71,11.41,3,915
2.74,11.68,3,432
1.75,11.87,3,371
0.75,11.98,3,399
-0.25,12.00,3,99
-1.25,11.93,3,348
-2.25,11.79,3,300
-3.23,11.56,3,89
-4.18,11.25,3,785
-5.11,10.86,3,149
-6.00,10.39,3,627
-6.85,9.85,3,86
-7.65,9.25,3,785
-8.40,8.57,3,130
-9.08,7.84,3,235
-9.71,7.05,3,888
-10.26,6.22,3,190
-10.75,5.34,3,649
-11.16,4.42,3,131
-11.49,3.47,3,534
-11.74,2.49,3,825
-11.91,1.50,3,366
-11.99,0.50,3,834
-11.99,-0.50,3,1003
-11.91,-1.50,3,648
-11.74,-2.49,3,318
-11.49,-3.47,3,400
-11.16,-4.42,3,310
-10.75,-5.34,3,716
-10.26,-6.22,3,607
-9.71,-7.05,3,675
-9.08,-7.84,3,56
-8.40,-8.57,3,765
-7.65,-9.25,3,403
-6.85,-9.85,3,732
-6.00,-10.39,3,104
-5.11,-10.86,3,795
-4.18,-11.25,3,638
-3.23,-11.56,3,930
-2.25,-11.79,3,178
-1.25,-11.93,3,746
-0.25,-12.00,3,806
0.75,-11.98,3,905
1.75,-11.87,3,287
2.74,-11.68,3,536
3.71,-11.41,3,528
4.65,-11.06,3,339
5.56,-10.63,3,31
6.43,-10.13,3,269
7.26,-9.56,3,980
8.03,-8.92,3,348
8.75,-8.21,3,512
9.40,-7.45,3,536
10.00,-6.64,3,729
10.52,-5.78,3,746
10.96,-4.88,3,999
11.33,-3.95,3,382
11.62,-2.98,3,592
11.83,-2.00,3,875
11.96,-1.00,3,862
12.00,-0.00,3,750
0.00,0.00,4,578
0.50,0.87,4,951
-0.50,0.87,4,149
-1.00,0.00,4,21
-0.50,-0.87,4,176
0.50,-0.87,4,169
1.00,-0.00,4,492
1.73,1.00,4,818
1.00,1.73,4,124
0.00,2.00,4,82
-1.00,1.73,4,1008
-1.73,1.00,4,882
-2.00,0.00,4,731
-1.73,-1.00,4,433
-1.00,-1.73,4,98
-0.00,-2.00,4,937
1.00,-1.73,4,228
1.73,-1.00,4,263
2.00,0.00,4,39
2.82,1.03,4,483
2.30,1.93,4,658
1.50,2.60,4,906
0.52,2.95,4,334
-0.52,2.95,4,325
-1.50,2.60,4,214
-2.30,1.93,4,560
-2.82,1.03,4,877
-3.00,0.00,4,777
-2.82,-1.03,4,129
-2.30,-1.93,4,129
-1.50,-2.60,4,348
-0.52,-2.95,4,906
0.52,-2.95,4,910
1.50,-2.60,4,957
2.30,-1.93,4,432
2.82,-1.03,4,139
3.00,-0.00,4,46
3.87,0.99,4,194
3.51,1.93,4,721
2.92,2.74,4,843
2.14,3.38,4,932
1.24,3.80,4,112
0.25,3.99,4,800
-0.75,3.93,4,346
-1.70,3.62,4,55
-2.55,3.08,4,135
-3.24,2.35,4,521
-3.72,1.47,4,984
-3.97,0.50,4,164
-3.97,-0.50,4,332
-3.72,-1.47,4,310
-3.24,-2.35,4,668
-2.55,-3.08,4,495
-1.70,-3.62,4,739
-0.75,-3.93,4,361
0.25,-3.99,4,105
1.24,-3.80,4,939
2.14,-3.38,4,31
2.92,-2.74,4,87
3.51,-1.93,4,622
3.87,-0.99,4,858
4.00,0.00,4,551
4.90,1.01,4,778
4.59,1.97,4,763
4.10,2.86,4,404
3.44,3.62,4,521
2.64,4.24,4,545
1.74,4.69,4,48
0.76,4.94,4,2
-0.25,4.99,4,208
-1.25,4.84,4,323
-2.20,4.49,4,637
-3.06,3.95,4,537
-3.79,3.26,4,954
-4.37,2.43,4,24
-4.77,1.50,4,770
-4.97,0.51,4,287
-4.97,-0.51,4,212
-4.77,-1.50,4,810
-4.37,-2.43,4,987
-3.79,-3.26,4,26
-3.06,-3.95,4,908
-2.20,-4.49,4,650
-1.25,-4.84,4,588
-0.25,-4.99,4,723
0.76,-4.94,4,1020
1.74,-4.69,4,88
2.64,-4.24,4,262
3.44,-3.62,4,277
4.10,-2.86,4,229
4.59,-1.97,4,743
4.90,-1.01,4,159
5.00,-0.00,4,276
5.91,1.01,4,50
5.66,2.00,4,326
5.24,2.93,4,254
4.67,3.77,4,500
3.96,4.50,4,927
3.15,5.11,4,74
2.24,5.57,4,779
1.26,5.87,4,263
0.25,5.99,4,823
-0.76,5.95,4,384
-1.76,5.74,4,982
-2.70,5.36,4,252
-3.57,4.82,4,963
-4.33,4.15,4,163
-4.97,3.36,4,1007
-5.47,2.47,4,473
-5.81,1.51,4,502
-5.98,0.51,4,48
-5.98,-0.51,4,131
-5.81,-1.51,4,899
-5.47,-2.47,4,675
-4.97,-3.36,4,524
-4.33,-4.15,4,751
-3.57,-4.82,4,184
-2.70,-5.36,4,120
-1.76,-5.74,4,612
-0.76,-5.95,4,207
0.25,-5.99,4,266
1.26,-5.87,4,839
2.24,-5.57,4,245
3.15,-5.11,4,873
3.96,-4.50,4,857
4.67,-3.77,4,495
5.24,-2.93,4,86
5.66,-2.00,4,433
5.91,-1.01,4,661
6.00,-0.00,4,937
6.93,1.02,4,517
6.70,2.02,4,952
6.34,2.97,4,191
5.84,3.86,4,247
5.21,4.67,4,127
4.48,5.38,4,645
3.65,5.98,4,602
2.74,6.44,4,826
1.77,6.77,4,261
0.77,6.96,4,543
-0.26,7.00,4,4
-1.27,6.88,4,1000
-2.26,6.63,4,643
-3.20,6.23,4,55
-4.07,5.69,4,494
-4.86,5.04,4,442
-5.54,4.28,4,633
-6.10,3.43,4,692
-6.54,2.50,4,419
-6.83,1.52,4,605
-6.98,0.51,4,370
-6.98,-0.51,4,943
-6.83,-1.52,4,688
-6.54,-2.50,4,800
-6.10,-3.43,4,398
-5.54,-4.28,4,19
-4.86,-5.04,4,336
-4.07,-5.69,4,496
-3.20,-6.23,4,407
-2.26,-6.63,4,234
-1.27,-6.88,4,521
-0.26,-7.00,4,891
0.77,-6.96,4,23
1.77,-6.77,4,956
2.74,-6.44,4,474
3.65,-5.98,4,992
4.48,-5.38,4,763
5.21,-4.67,4,797
5.84,-3.86,4,634
6.34,-2.97,4,354
6.70,-2.02,4,892
6.93,-1.02,4,413
7.00,0.00,4,371
7.94,1.00,4,158
7.75,1.99,4,438
7.44,2.94,4,656
7.01,3.85,4,46
6.47,4.70,4,67
5.83,5.48,4,60
5.10,6.16,4,516
4.29,6.75,4,536
3.41,7.24,4,359
2.47,7.61,4,373
1.50,7.86,4,706
0.50,7.98,4,705
-0.50,7.98,4,1018
-1.50,7.86,4,412
-2.47,7.61,4,778
-3.41,7.24,4,293
-4.29,6.75,4,539
-5.10,6.16,4,305
-5.83,5.48,4,669
-6.47,4.70,4,700
-7.01,3.85,4,426
-7.44,2.94,4,739
-7.75,1.99,4,272
-7.94,1.00,4,405
-8.00,-0.00,4,529
-7.94,-1.00,4,766
-7.75,-1.99,4,767
-7.44,-2.94,4,248
-7.01,-3.85,4,1023
-6.47,-4.70,4,144
-5.83,-5.48,4,421
-5.10,-6.16,4,689
-4.29,-6.75,4,147
-3.41,-7.24,4,113
-2.47,-7.61,4,325
-1.50,-7.86,4,532
-0.50,-7.98,4,550
0.50,-7.98,4,673
1.50,-7.86,4,498
2.47,-7.61,4,433
3.41,-7.24,4,836
4.29,-6.75,4,213
5.10,-6.16,4,623
5.83,-5.48,4,317
6.47,-4.70,4,98
7.01,-3.85,4,374
7.44,-2.94,4,903
7.75,-1.99,4,460
7.94,-1.00,4,12
8.00,0.00,4,846
8.94,1.01,4,363
8.77,2.00,4,68
8.49,2.97,4,603
8.11,3.90,4,711
7.62,4.79,4,796
7.04,5.61,4,83
6.36,6.36,4,297
5.61,7.04,4,166
4.79,7.62,4,759
3.90,8.11,4,521
2.97,8.49,4,946
2.00,8.77,4,356
1.01,8.94,4,936
0.00,9.00,4,852
-1.01,8.94,4,366
-2.00,8.77,4,262
-2.97,8.49,4,5
-3.90,8.11,4,618
-4.79,7.62,4,46
-5.61,7.04,4,686
-6.36,6.36,4,428
-7.04,5.61,4,430
-7.62,4.79,4,42
-8.11,3.90,4,625
-8.49,2.97,4,56
-8.77,2.00,4,638
-8.94,1.01,4,1016
-9.00,0.00,4,802
-8.94,-1.01,4,788
-8.77,-2.00,4,850
-8.49,-2.97,4,279
-8.11,-3.90,4,861
-7.62,-4.79,4,420
-7.04,-5.61,4,894
-6.36,-6.36,4,760
-5.61,-7.04,4,289
-4.79,-7.62,4,302
-3.90,-8.11,4,893
-2.97,-8.49,4,294
-2.00,-8.77,4,125
-1.01,-8.94,4,614
0.00,-9.00,4,327
1.01,-8.94,4,736
2.00,-8.77,4,510
2.97,-8.49,4,737
3.90,-8.11,4,633
4.79,-7.62,4,428
5.61,-7.04,4,279
6.36,-6.36,4,925
7.04,-5.61,4,292
7.62,-4.79,4,706
8.11,-3.90,4,826
8.49,-2.97,4,279
8.77,-2.00,4,333
8.94,-1.01,4,165
9.00,0.00,4,923
9.95,1.01,4,200
9.80,2.01,4,363
9.54,2.99,4,334
9.19,3.94,4,417
8.74,4.85,4,188
8.21,5.71,4,42
7.59,6.51,4,496
6.89,7.25,4,442
6.12,7.91,4,472
5.29,8.49,4,34
4.40,8.98,4,295
3.47,9.38,4,142
2.51,9.68,4,532
1.51,9.88,4,123
0.51,9.99,4,936
-0.51,9.99,4,455
-1.51,9.88,4,251
-2.51,9.68,4,28
-3.47,9.38,4,670
-4.40,8.98,4,637
-5.29,8.49,4,473
-6.12,7.91,4,454
-6.89,7.25,4,1003
-7.59,6.51,4,343
-8.21,5.71,4,610
-8.74,4.85,4,610
-9.19,3.94,4,216
-9.54,2.99,4,456
-9.80,2.01,4,206
-9.95,1.01,4,424
-10.00,0.00,4,605
-9.95,-1.01,4,233
-9.80,-2.01,4,676
-9.54,-2.99,4,421
-9.19,-3.94,4,709
-8.74,-4.85,4,157
-8.21,-5.71,4,715
-7.59,-6.51,4,105
-6.89,-7.25,4,487
-6.12,-7.91,4,123
-5.29,-8.49,4,829
-4.40,-8.98,4,981
-3.47,-9.38,4,466
-2.51,-9.68,4,772
-1.51,-9.88,4,996
-0.51,-9.99,4,791
0.51,-9.99,4,31
1.51,-9.88,4,412
2.51,-9.68,4,263
3.47,-9.38,4,5
4.40,-8.98,4,869
5.29,-8.49,4,108
6.12,-7.91,4,779
6.89,-7.25,4,229
7.59,-6.51,4,666
8.21,-5.71,4,318
8.74,-4.85,4,68
9.19,-3.94,4,494
9.54,-2.99,4,691
9.80,-2.01,4,183
9.95,-1.01,4,418
10.00,0.00,4,216
10.95,1.00,4,976
10.82,1.99,4,131
10.59,2.97,4,439
10.28,3.92,4,166
9.88,4.84,4,303
9.40,5.72,4,844
8.84,6.55,4,491
8.21,7.32,4,303
7.51,8.04,4,405
6.75,8.69,4,607
5.93,9.27,4,899
5.06,9.77,4,1009
4.15,10.19,4,321
3.21,10.52,4,206
2.24,10.77,4,119
1.25,10.93,4,163
0.25,11.00,4,30
-0.75,10.97,4,289
-1.75,10.86,4,435
-2.73,10.66,4,756
-3.68,10.36,4,733
-4.61,9.99,4,798
-5.50,9.53,4,625
-6.34,8.99,4,335
-7.13,8.37,4,699
-7.87,7.69,4,483
-8.53,6.94,4,1021
-9.13,6.14,4,116
-9.65,5.28,4,639
-10.09,4.38,4,34
-10.45,3.45,4,751
-10.72,2.48,4,833
-10.90,1.50,4,496
-10.99,0.50,4,229
-10.99,-0.50,4,557
-10.90,-1.50,4,645
-10.72,-2.48,4,537
-10.45,-3.45,4,468
-10.09,-4.38,4,494
-9.65,-5.28,4,147
-9.13,-6.14,4,722
-8.53,-6.94,4,745
-7.87,-7.69,4,78
-7.13,-8.37,4,15
-6.34,-8.99,4,165
-5.50,-9.53,4,453
-4.61,-9.99,4,250
-3.68,-10.36,4,676
-2.73,-10.66,4,362
-1.75,-10.86,4,653
-0.75,-10.97,4,869
0.25,-11.00,4,164
1.25,-10.93,4,693
2.24,-10.77,4,521
3.21,-10.52,4,412
4.15,-10.19,4,334
5.06,-9.77,4,278
5.93,-9.27,4,831
6.75,-8.69,4,920
7.51,-8.04,4,53
8.21,-7.32,4,899
8.84,-6.55,4,977
9.40,-5.72,4,771
9.88,-4.84,4,870
10.28,-3.92,4,511
10.59,-2.97,4,7
10.82,-1.99,4,773
10.95,-1.00,4,739
11.00,0.00,4,807
11.96,1.00,4,607
11.83,2.00,4,908
11.62,2.98,4,307
11.33,3.95,4,1000
10.96,4.88,4,520
10.52,5.78,4,962
10.00,6.64,4,956
9.40,7.45,4,58
8.75,8.21,4,962
8.03,8.92,4,517
7.26,9.56,4,941
6.43,10.13,4,285
5.56,10.63,4,363
4.65,11.06,4,100
3.71,11.41,4,479
2.74,11.68,4,317
1.75,11.87,4,76
0.75,11.98,4,1007
-0.25,12.00,4,364
-1.25,11.93,4,498
-2.25,11.79,4,855
-3.23,11.56,4,436
-4.18,11.25,4,253
-5.11,10.86,4,674
-6.00,10.39,4,298
-6.85,9.85,4,1003
-7.65,9.25,4,174
-8.40,8.57,4,142
-9.08,7.84,4,299
-9.71,7.05,4,617
-10.26,6.22,4,126
-10.75,5.34,4,845
-11.16,4.42,4,112
-11.49,3.47,4,587
-11.74,2.49,4,787
-11.91,1.50,4,337
-11.99,0.50,4,503
-11.99,-0.50,4,380
-11.91,-1.50,4,242
-11.74,-2.49,4,949
-11.49,-3.47,4,200
-11.16,-4.42,4,759
-10.75,-5.34,4,168
-10.26,-6.22,4,914
-9.71,-7.05,4,123
-9.08,-7.84,4,225
-8.40,-8.57,4,418
-7.65,-9.25,4,454
-6.85,-9.85,4,875
-6.00,-10.39,4,1009
-5.11,-10.86,4,81
-4.18,-11.25,4,229
-3.23,-11.56,4,72
-2.25,-11.79,4,318
-1.25,-11.93,4,643
-0.25,-12.00,4,859
0.75,-11.98,4,147
1.75,-11.87,4,193
2.74,-11.68,4,476
3.71,-11.41,4,784
4.65,-11.06,4,593
5.56,-10.63,4,848
6.43,-10.13,4,32
7.26,-9.56,4,521
8.03,-8.92,4,298
8.75,-8.21,4,519
9.40,-7.45,4,832
10.00,-6.64,4,968
10.52,-5.78,4,337
10.96,-4.88,4,198
11.33,-3.95,4,505
11.62,-2.98,4,801
11.83,-2.00,4,630
11.96,-1.00,4,969
12.00,-0.00,4,56
0.00,0.00,5,682
0.50,0.87,5,716
-0.50,0.87,5,640
-1.00,0.00,5,785
-0.50,-0.87,5,633
0.50,-0.87,5,644
1.00,-0.00,5,442
1.73,1.00,5,880
1.00,1.73,5,333
0.00,2.00,5,648
-1.00,1.73,5,151
-1.73,1.00,5,566
-2.00,0.00,5,785
-1.73,-1.00,5,927
-1.00,-1.73,5,255
-0.00,-2.00,5,435
1.00,-1.73,5,612
1.73,-1.00,5,421
2.00,0.00,5,879
2.82,1.03,5,365
2.30,1.93,5,246
1.50,2.60,5,618
0.52,2.95,5,438
-0.52,2.95,5,50
-1.50,2.60,5,669
-2.30,1.93,5,280
-2.82,1.03,5,830
-3.00,0.00,5,753
-2.82,-1.03,5,1022
-2.30,-1.93,5,295
-1.50,-2.60,5,619
-0.52,-2.95,5,168
0.52,-2.95,5,861
1.50,-2.60,5,435
2.30,-1.93,5,776
2.82,-1.03,5,181
3.00,-0.00,5,788
3.87,0.99,5,685
3.51,1.93,5,250
2.92,2.74,5,975
2.14,3.38,5,412
1.24,3.80,5,719
0.25,3.99,5,55
-0.75,3.93,5,808
-1.70,3.62,5,81
-2.55,3.08,5,308
-3.24,2.35,5,813
-3.72,1.47,5,909
-3.97,0.50,5,44
-3.97,-0.50,5,341
-3.72,-1.47,5,98
-3.24,-2.35,5,820
-2.55,-3.08,5,298
-1.70,-3.62,5,64
-0.75,-3.93,5,195
0.25,-3.99,5,447
1.24,-3.80,5,248
2.14,-3.38,5,827
2.92,-2.74,5,595
3.51,-1.93,5,357
3.87,-0.99,5,691
4.00,0.00,5,356
4.90,1.01,5,120
4.59,1.97,5,105
4.10,2.86,5,563
3.44,3.62,5,986
2.64,4.24,5,970
1.74,4.69,5,522
0.76,4.94,5,241
-0.25,4.99,5,796
-1.25,4.84,5,603
-2.20,4.49,5,20
-3.06,3.95,5,364
-3.79,3.26,5,132
-4.37,2.43,5,436
-4.77,1.50,5,614
-4.97,0.51,5,133
-4.97,-0.51,5,586
-4.77,-1.50,5,187
-4.37,-2.43,5,419
-3.79,-3.26,5,117
-3.06,-3.95,5,388
-2.20,-4.49,5,139
-1.25,-4.84,5,310
-0.25,-4.99,5,473
0.76,-4.94,5,818
1.74,-4.69,5,302
2.64,-4.24,5,903
3.44,-3.62,5,664
4.10,-2.86,5,604
4.59,-1.97,5,502
4.90,-1.01,5,181
5.00,-0.00,5,140
5.91,1.01,5,891
5.66,2.00,5,436
5.24,2.93,5,56
4.67,3.77,5,668
3.96,4.50,5,617
3.15,5.11,5,331
2.24,5.57,5,167
1.26,5.87,5,1012
0.25,5.99,5,856
-0.76,5.95,5,802
-1.76,5.74,5,960
-2.70,5.36,5,748
-3.57,4.82,5,518
-4.33,4.15,5,735
-4.97,3.36,5,865
-5.47,2.47,5,444
-5.81,1.51,5,181
-5.98,0.51,5,1018
-5.98,-0.51,5,410
-5.81,-1.51,5,683
-5.47,-2.47,5,449
-4.97,-3.36,5,934
-4.33,-4.15,5,796
-3.57,-4.82,5,579
-2.70,-5.36,5,190
-1.76,-5.74,5,338
-0.76,-5.95,5,801
0.25,-5.99,5,666
1.26,-5.87,5,291
2.24,-5.57,5,996
3.15,-5.11,5,233
3.96,-4.50,5,864
4.67,-3.77,5,272
5.24,-2.93,5,656
5.66,-2.00,5,496
5.91,-1.01,5,688
6.00,-0.00,5,308
6.93,1.02,5,539
6.70,2.02,5,498
6.34,2.97,5,706
5.84,3.86,5,454
5.21,4.67,5,815
4.48,5.38,5,87
3.65,5.98,5,527
2.74,6.44,5,840
1.77,6.77,5,509
0.77,6.96,5,913
-0.26,7.00,5,465
-1.27,6.88,5,182
-2.26,6.63,5,844
-3.20,6.23,5,416
-4.07,5.69,5,601
-4.86,5.04,5,86
-5.54,4.28,5,806
-6.10,3.43,5,215
-6.54,2.50,5,250
-6.83,1.52,5,511
-6.98,0.51,5,901
-6.98,-0.51,5,502
-6.83,-1.52,5,978
-6.54,-2.50,5,903
-6.10,-3.43,5,365
-5.54,-4.28,5,812
-4.86,-5.04,5,955
-4.07,-5.69,5,932
-3.20,-6.23,5,650
-2.26,-6.63,5,261
-1.27,-6.88,5,24
-0.26,-7.00,5,348
0.77,-6.96,5,934
1.77,-6.77,5,295
2.74,-6.44,5,209
3.65,-5.98,5,203
4.48,-5.38,5,383
5.21,-4.67,5,491
5.84,-3.86,5,1024
6.34,-2.97,5,802
6.70,-2.02,5,140
6.93,-1.02,5,174
7.00,0.00,5,562
7.94,1.00,5,847
7.75,1.99,5,408
7.44,2.94,5,419
7.01,3.85,5,433
6.47,4.70,5,242
5.83,5.48,5,310
5.10,6.16,5,504
4.29,6.75,5,322
3.41,7.24,5,607
2.47,7.61,5,389
1.50,7.86,5,22
0.50,7.98,5,450
-0.50,7.98,5,759
-1.50,7.86,5,390
-2.47,7.61,5,661
-3.41,7.24,5,1019
-4.29,6.75,5,118
-5.10,6.16,5,569
-5.83,5.48,5,839
-6.47,4.70,5,285
-7.01,3.85,5,324
-7.44,2.94,5,596
-7.75,1.99,5,92
-7.94,1.00,5,513
-8.00,-0.00,5,603
-7.94,-1.00,5,777
-7.75,-1.99,5,272
-7.44,-2.94,5,427
-7.01,-3.85,5,795
-6.47,-4.70,5,941
-5.83,-5.48,5,748
-5.10,-6.16,5,917
-4.29,-6.75,5,315
-3.41,-7.24,5,384
-2.47,-7.61,5,443
-1.50,-7.86,5,186
-0.50,-7.98,5,240
0.50,-7.98,5,573
1.50,-7.86,5,681
2.47,-7.61,5,10
3.41,-7.24,5,967
4.29,-6.75,5,889
5.10,-6.16,5,992
5.83,-5.48,5,222
6.47,-4.70,5,87
7.01,-3.85,5,171
7.44,-2.94,5,51
7.75,-1.99,5,680
7.94,-1.00,5,529
8.00,0.00,5,498
8.94,1.01,5,708
8.77,2.00,5,719
8.49,2.97,5,446
8.11,3.90,5,259
7.62,4.79,5,332
7.04,5.61,5,364
6.36,6.36,5,35
5.61,7.04,5,493
4.79,7.62,5,522
3.90,8.11,5,769
2.97,8.49,5,855
2.00,8.77,5,421
1.01,8.94,5,1009
0.00,9.00,5,250
-1.01,8.94,5,115
-2.00,8.77,5,466
-2.97,8.49,5,411
-3.90,8.11,5,753
-4.79,7.62,5,430
-5.61,7.04,5,964
-6.36,6.36,5,262
-7.04,5.61,5,14
-7.62,4.79,5,536
-8.11,3.90,5,305
-8.49,2.97,5,201
-8.77,2.00,5,645
-8.94,1.01,5,995
-9.00,0.00,5,941
-8.94,-1.01,5,120
-8.77,-2.00,5,471
-8.49,-2.97,5,918
-8.11,-3.90,5,38
-7.62,-4.79,5,74
-7.04,-5.61,5,142
-6.36,-6.36,5,786
-5.61,-7.04,5,246
-4.79,-7.62,5,389
-3.90,-8.11,5,324
-2.97,-8.49,5,772
-2.00,-8.77,5,958
-1.01,-8.94,5,683
0.00,-9.00,5,1006
1.01,-8.94,5,620
2.00,-8.77,5,608
2.97,-8.49,5,66
3.90,-8.11,5,979
4.79,-7.62,5,993
5.61,-7.04,5,267
6.36,-6.36,5,789
7.04,-5.61,5,551
7.62,-4.79,5,492
8.11,-3.90,5,575
8.49,-2.97,5,37
8.77,-2.00,5,781
8.94,-1.01,5,507
9.00,0.00,5,758
9.95,1.01,5,270
9.80,2.01,5,819
9.54,2.99,5,639
9.19,3.94,5,609
8.74,4.85,5,461
8.21,5.71,5,668
7.59,6.51,5,559
6.89,7.25,5,476
6.12,7.91,5,321
5.29,8.49,5,877
4.40,8.98,5,804
3.47,9.38,5,674
2.51,9.68,5,305
1.51,9.88,5,628
0.51,9.99,5,124
-0.51,9.99,5,978
-1.51,9.88,5,77
-2.51,9.68,5,266
-3.47,9.38,5,155
-4.40,8.98,5,402
-5.29,8.49,5,419
-6.12,7.91,5,25
-6.89,7.25,5,982
-7.59,6.51,5,280
-8.21,5.71,5,510
-8.74,4.85,5,72
-9.19,3.94,5,563
-9.54,2.99,5,110
-9.80,2.01,5,154
-9.95,1.01,5,655
-10.00,0.00,5,76
-9.95,-1.01,5,677
-9.80,-2.01,5,361
-9.54,-2.99,5,875
-9.19,-3.94,5,799
-8.74,-4.85,5,112
-8.21,-5.71,5,301
-7.59,-6.51,5,148
-6.89,-7.25,5,643
-6.12,-7.91,5,540
-5.29,-8.49,5,564
-4.40,-8.98,5,422
-3.47,-9.38,5,336
-2.51,-9.68,5,972
-1.51,-9.88,5,248
-0.51,-9.99,5,772
0.51,-9.99,5,190
1.51,-9.88,5,483
2.51,-9.68,5,348
3.47,-9.38,5,47
4.40,-8.98,5,589
5.29,-8.49,5,315
6.12,-7.91,5,299
6.89,-7.25,5,125
7.59,-6.51,5,897
8.21,-5.71,5,50
8.74,-4.85,5,256
9.19,-3.94,5,540
9.54,-2.99,5,1009
9.80,-2.01,5,59
9.95,-1.01,5,66
10.00,0.00,5,562
10.95,1.00,5,234
10.82,1.99,5,812
10.59,2.97,5,355
10.28,3.92,5,704
9.88,4.84,5,1021
9.40,5.72,5,813
8.84,6.55,5,463
8.21,7.32,5,217
7.51,8.04,5,582
6.75,8.69,5,771
5.93,9.27,5,746
5.06,9.77,5,406
4.15,10.19,5,777
3.21,10.52,5,965
2.24,10.77,5,274
1.25,10.93,5,77
0.25,11.00,5,524
-0.75,10.97,5,65
-1.75,10.86,5,727
-2.73,10.66,5,804
-3.68,10.36,5,769
-4.61,9.99,5,1024
-5.50,9.53,5,507
-6.34,8.99,5,542
-7.13,8.37,5,490
-7.87,7.69,5,903
-8.53,6.94,5,578
-9.13,6.14,5,941
-9.65,5.28,5,753
-10.09,4.38,5,151
-10.45,3.45,5,363
-10.72,2.48,5,511
-10.90,1.50,5,96
-10.99,0.50,5,748
-10.99,-0.50,5,327
-10.90,-1.50,5,526
-10.72,-2.48,5,95
-10.45,-3.45,5,279
-10.09,-4.38,5,744
-9.65,-5.28,5,669
-9.13,-6.14,5,87
-8.53,-6.94,5,422
-7.87,-7.69,5,835
-7.13,-8.37,5,1000
-6.34,-8.99,5,199
-5.50,-9.53,5,569
-4.61,-9.99,5,356
-3.68,-10.36,5,430
-2.73,-10.66,5,636
-1.75,-10.86,5,255
-0.75,-10.97,5,681
0.25,-11.00,5,13
1.25,-10.93,5,284
2.24,-10.77,5,357
3.21,-10.52,5,91
4.15,-10.19,5,216
5.06,-9.77,5,553
5.93,-9.27,5,851
6.75,-8.69,5,978
7.51,-8.04,5,931
8.21,-7.32,5,953
8.84,-6.55,5,718
9.40,-5.72,5,535
9.88,-4.84,5,743
10.28,-3.92,5,276
10.59,-2.97,5,89
10.82,-1.99,5,756
10.95,-1.00,5,712
11.00,0.00,5,397
11.96,1.00,5,20
11.83,2.00,5,49
11.62,2.98,5,673
11.33,3.95,5,876
10.96,4.88,5,972
10.52,5.78,5,301
10.00,6.64,5,985
9.40,7.45,5,331
8.75,8.21,5,517
8.03,8.92,5,801
7.26,9.56,5,1014
6.43,10.13,5,210
5.56,10.63,5,1012
4.65,11.06,5,185
3.71,11.41,5,984
2.74,11.68,5,747
1.75,11.87,5,50
0.75,11.98,5,220
-0.25,12.00,5,378
-1.25,11.93,5,200
-2.25,11.79,5,906
-3.23,11.56,5,181
-4.18,11.25,5,734
-5.11,10.86,5,521
-6.00,10.39,5,357
-6.85,9.85,5,466
-7.65,9.25,5,353
-8.40,8.57,5,429
-9.08,7.84,5,622
-9.71,7.05,5,19
-10.26,6.22,5,174
-10.75,5.34,5,566
-11.16,4.42,5,543
-11.49,3.47,5,952
-11.74,2.49,5,864
-11.91,1.50,5,226
-11.99,0.50,5,632
-11.99,-0.50,5,590
-11.91,-1.50,5,923
-11.74,-2.49,5,571
-11.49,-3.47,5,387
-11.16,-4.42,5,603
-10.75,-5.34,5,693
-10.26,-6.22,5,63
-9.71,-7.05,5,625
-9.08,-7.84,5,874
-8.40,-8.57,5,851
-7.65,-9.25,5,5
-6.85,-9.85,5,181
-6.00,-10.39,5,270
-5.11,-10.86,5,63
-4.18,-11.25,5,770
-3.23,-11.56,5,903
-2.25,-11.79,5,13
-1.25,-11.93,5,424
-0.25,-12.00,5,33
0.75,-11.98,5,601
1.75,-11.87,5,531
2.74,-11.68,5,648
3.71,-11.41,5,561
4.65,-11.06,5,679
5.56,-10.63,5,27
6.43,-10.13,5,830
7.26,-9.56,5,877
8.03,-8.92,5,991
8.75,-8.21,5,11
9.40,-7.45,5,618
10.00,-6.64,5,726
10.52,-5.78,5,91
10.96,-4.88,5,278
11.33,-3.95,5,302
11.62,-2.98,5,306
11.83,-2.00,5,951
11.96,-1.00,5,151
12.00,-0.00,5,409
0.00,0.00,6,827
0.50,0.87,6,105
-0.50,0.87,6,570
-1.00,0.00,6,890
-0.50,-0.87,6,926
0.50,-0.87,6,546
1.00,-0.00,6,887
1.73,1.00,6,695
1.00,1.73,6,641
0.00,2.00,6,306
-1.00,1.73,6,281
-1.73,1.00,6,209
-2.00,0.00,6,491
-1.73,-1.00,6,401
-1.00,-1.73,6,713
-0.00,-2.00,6,337
1.00,-1.73,6,875
1.73,-1.00,6,347
2.00,0.00,6,352
2.82,1.03,6,845
2.30,1.93,6,46
1.50,2.60,6,167
0.52,2.95,6,512
-0.52,2.95,6,501
-1.50,2.60,6,628
-2.30,1.93,6,27
-2.82,1.03,6,395
-3.00,0.00,6,473
-2.82,-1.03,6,375
-2.30,-1.93,6,511
-1.50,-2.60,6,662
-0.52,-2.95,6,580
0.52,-2.95,6,265
1.50,-2.60,6,937
2.30,-1.93,6,117
2.82,-1.03,6,875
3.00,-0.00,6,104
3.87,0.99,6,75
3.51,1.93,6,884
2.92,2.74,6,751
2.14,3.38,6,365
1.24,3.80,6,373
0.25,3.99,6,1020
-0.75,3.93,6,628
-1.70,3.62,6,699
-2.55,3.08,6,435
-3.24,2.35,6,962
-3.72,1.47,6,853
-3.97,0.50,6,920
-3.97,-0.50,6,824
-3.72,-1.47,6,500
-3.24,-2.35,6,179
-2.55,-3.08,6,693
-1.70,-3.62,6,202
-0.75,-3.93,6,837
0.25,-3.99,6,16
1.24,-3.80,6,711
2.14,-3.38,6,941
2.92,-2.74,6,212
3.51,-1.93,6,51
3.87,-0.99,6,661
4.00,0.00,6,225
4.90,1.01,6,479
4.59,1.97,6,803
4.10,2.86,6,821
3.44,3.62,6,390
2.64,4.24,6,253
1.74,4.69,6,903
0.76,4.94,6,827
-0.25,4.99,6,476
-1.25,4.84,6,10
-2.20,4.49,6,820
-3.06,3.95,6,884
-3.79,3.26,6,403
-4.37,2.43,6,259
-4.77,1.50,6,988
-4.97,0.51,6,945
-4.97,-0.51,6,496
-4.77,-1.50,6,246
-4.37,-2.43,6,777
-3.79,-3.26,6,881
-3.06,-3.95,6,338
-2.20,-4.49,6,713
-1.25,-4.84,6,34
-0.25,-4.99,6,300
0.76,-4.94,6,132
1.74,-4.69,6,1005
2.64,-4.24,6,8
3.44,-3.62,6,667
4.10,-2.86,6,939
4.59,-1.97,6,872
4.90,-1.01,6,823
5.00,-0.00,6,67
5.91,1.01,6,169
5.66,2.00,6,572
5.24,2.93,6,357
4.67,3.77,6,64
3.96,4.50,6,540
3.15,5.11,6,916
2.24,5.57,6,271
1.26,5.87,6,62
0.25,5.99,6,503
-0.76,5.95,6,335
-1.76,5.74,6,909
-2.70,5.36,6,928
-3.57,4.82,6,907
-4.33,4.15,6,702
-4.97,3.36,6,546
-5.47,2.47,6,1003
-5.81,1.51,6,62
-5.98,0.51,6,639
-5.98,-0.51,6,980
-5.81,-1.51,6,93
-5.47,-2.47,6,461
-4.97,-3.36,6,49
-4.33,-4.15,6,178
-3.57,-4.82,6,114
-2.70,-5.36,6,156
-1.76,-5.74,6,173
-0.76,-5.95,6,431
0.25,-5.99,6,866
1.26,-5.87,6,853
2.24,-5.57,6,1022
3.15,-5.11,6,294
3.96,-4.50,6,66
4.67,-3.77,6,527
5.24,-2.93,6,781
5.66,-2.00,6,389
5.91,-1.01,6,984
6.00,-0.00,6,862
6.93,1.02,6,559
6.70,2.02,6,122
6.34,2.97,6,701
5.84,3.86,6,102
5.21,4.67,6,323
4.48,5.38,6,952
3.65,5.98,6,850
2.74,6.44,6,711
1.77,6.77,6,133
0.77,6.96,6,824
-0.26,7.00,6,342
-1.27,6.88,6,909
-2.26,6.63,6,812
-3.20,6.23,6,974
-4.07,5.69,6,100
-4.86,5.04,6,783
-5.54,4.28,6,829
-6.10,3.43,6,312
-6.54,2.50,6,161
-6.83,1.52,6,358
-6.98,0.51,6,952
-6.98,-0.51,6,652
-6.83,-1.52,6,46
-6.54,-2.50,6,603
-6.10,-3.43,6,323
-5.54,-4.28,6,382
-4.86,-5.04,6,732
-4.07,-5.69,6,765
-3.20,-6.23,6,540
-2.26,-6.63,6,271
-1.27,-6.88,6,507
-0.26,-7.00,6,279
0.77,-6.96,6,936
1.77,-6.77,6,821
2.74,-6.44,6,1010
3.65,-5.98,6,560
4.48,-5.38,6,443
5.21,-4.67,6,694
5.84,-3.86,6,528
6.34,-2.97,6,670
6.70,-2.02,6,677
6.93,-1.02,6,494
7.00,0.00,6,297
7.94,1.00,6,908
7.75,1.99,6,955
7.44,2.94,6,457
7.01,3.85,6,185
6.47,4.70,6,750
5.83,5.48,6,305
5.10,6.16,6,173
4.29,6.75,6,703
3.41,7.24,6,207
2.47,7.61,6,923
1.50,7.86,6,615
0.50,7.98,6,150
-0.50,7.98,6,255
-1.50,7.86,6,291
-2.47,7.61,6,191
-3.41,7.24,6,987
-4.29,6.75,6,404
-5.10,6.16,6,233
-5.83,5.48,6,331
-6.47,4.70,6,576
-7.01,3.85,6,519
-7.44,2.94,6,608
-7.75,1.99,6,151
-7.94,1.00,6,404
-8.00,-0.00,6,412
-7.94,-1.00,6,236
-7.75,-1.99,6,731
-7.44,-2.94,6,266
-7.01,-3.85,6,191
-6.47,-4.70,6,712
-5.83,-5.48,6,122
-5.10,-6.16,6,460
-4.29,-6.75,6,573
-3.41,-7.24,6,365
-2.47,-7.61,6,89
-1.50,-7.86,6,965
-0.50,-7.98,6,802
0.50,-7.98,6,278
1.50,-7.86,6,837
2.47,-7.61,6,290
3.41,-7.24,6,987
4.29,-6.75,6,229
5.10,-6.16,6,914
5.83,-5.48,6,656
6.47,-4.70,6,29
7.01,-3.85,6,464
7.44,-2.94,6,1021
7.75,-1.99,6,682
7.94,-1.00,6,593
8.00,0.00,6,451
8.94,1.01,6,968
8.77,2.00,6,270
8.49,2.97,6,944
8.11,3.90,6,679
7.62,4.79,6,210
7.04,5.61,6,984
6.36,6.36,6,472
5.61,7.04,6,867
4.79,7.62,6,686
3.90,8.11,6,444
2.97,8.49,6,845
2.00,8.77,6,873
1.01,8.94,6,810
0.00,9.00,6,388
-1.01,8.94,6,557
-2.00,8.77,6,40
-2.97,8.49,6,211
-3.90,8.11,6,226
-4.79,7.62,6,863
-5.61,7.04,6,888
-6.36,6.36,6,851
-7.04,5.61,6,222
-7.62,4.79,6,14
-8.11,3.90,6,661
-8.49,2.97,6,564
-8.77,2.00,6,395
-8.94,1.01,6,991
-9.00,0.00,6,202
-8.94,-1.01,6,776
-8.77,-2.00,6,132
-8.49,-2.97,6,410
-8.11,-3.90,6,814
-7.62,-4.79,6,487
-7.04,-5.61,6,752
-6.36,-6.36,6,920
-5.61,-7.04,6,375
-4.79,-7.62,6,441
-3.90,-8.11,6,21
-2.97,-8.49,6,661
-2.00,-8.77,6,136
-1.01,-8.94,6,765
0.00,-9.00,6,588
1.01,-8.94,6,778
2.00,-8.77,6,485
2.97,-8.49,6,360
3.90,-8.11,6,844
4.79,-7.62,6,794
5.61,-7.04,6,370
6.36,-6.36,6,651
7.04,-5.61,6,584
7.62,-4.79,6,715
8.11,-3.90,6,270
8.49,-2.97,6,532
8.77,-2.00,6,590
8.94,-1.01,6,978
9.00,0.00,6,375
9.95,1.01,6,236
9.80,2.01,6,429
9.54,2.99,6,732
9.19,3.94,6,524
8.74,4.85,6,511
8.21,5.71,6,842
7.59,6.51,6,979
6.89,7.25,6,541
6.12,7.91,6,287
5.29,8.49,6,128
4.40,8.98,6,36
3.47,9.38,6,111
2.51,9.68,6,696
1.51,9.88,6,743
0.51,9.99,6,407
-0.51,9.99,6,349
-1.51,9.88,6,35
-2.51,9.68,6,638
-3.47,9.38,6,672
-4.40,8.98,6,840
-5.29,8.49,6,485
-6.12,7.91,6,445
-6.89,7.25,6,845
-7.59,6.51,6,23
-8.21,5.71,6,62
-8.74,4.85,6,87
-9.19,3.94,6,556
-9.54,2.99,6,673
-9.80,2.01,6,905
-9.95,1.01,6,881
-10.00,0.00,6,487
-9.95,-1.01,6,935
-9.80,-2.01,6,986
-9.54,-2.99,6,268
-9.19,-3.94,6,691
-8.74,-4.85,6,796
-8.21,-5.71,6,742
-7.59,-6.51,6,595
-6.89,-7.25,6,178
-6.12,-7.91,6,674
-5.29,-8.49,6,774
-4.40,-8.98,6,345
-3.47,-9.38,6,963
-2.51,-9.68,6,535
-1.51,-9.88,6,386
-0.51,-9.99,6,110
0.51,-9.99,6,597
1.51,-9.88,6,373
2.51,-9.68,6,574
3.47,-9.38,6,171
4.40,-8.98,6,730
5.29,-8.49,6,395
6.12,-7.91,6,161
6.89,-7.25,6,1013
7.59,-6.51,6,588
8.21,-5.71,6,586
8.74,-4.85,6,402
9.19,-3.94,6,645
9.54,-2.99,6,924
9.80,-2.01,6,163
9.95,-1.01,6,549
10.00,0.00,6,138
10.95,1.00,6,296
10.82,1.99,6,682
10.59,2.97,6,133
10.28,3.92,6,89
9.88,4.84,6,798
9.40,5.72,6,287
8.84,6.55,6,454
8.21,7.32,6,278
7.51,8.04,6,942
6.75,8.69,6,357
5.93,9.27,6,770
5.06,9.77,6,666
4.15,10.19,6,133
3.21,10.52,6,961
2.24,10.77,6,79
1.25,10.93,6,806
0.25,11.00,6,588
-0.75,10.97,6,225
-1.75,10.86,6,296
-2.73,10.66,6,561
-3.68,10.36,6,804
-4.61,9.99,6,6
-5.50,9.53,6,105
-6.34,8.99,6,253
-7.13,8.37,6,126
-7.87,7.69,6,345
-8.53,6.94,6,587
-9.13,6.14,6,547
-9.65,5.28,6,817
-10.09,4.38,6,383
-10.45,3.45,6,558
-10.72,2.48,6,252
-10.90,1.50,6,634
-10.99,0.50,6,847
-10.99,-0.50,6,798
-10.90,-1.50,6,1001
-10.72,-2.48,6,211
-10.45,-3.45,6,815
-10.09,-4.38,6,274
-9.65,-5.28,6,342
-9.13,-6.14,6,655
-8.53,-6.94,6,276
-7.87,-7.69,6,678
-7.13,-8.37,6,942
-6.34,-8.99,6,282
-5.50,-9.53,6,346
-4.61,-9.99,6,471
-3.68,-10.36,6,966
-2.73,-10.66,6,57
-1.75,-10.86,6,1012
-0.75,-10.97,6,148
0.25,-11.00,6,410
1.25,-10.93,6,977
2.24,-10.77,6,679
3.21,-10.52,6,245
4.15,-10.19,6,629
5.06,-9.77,6,686
5.93,-9.27,6,94
6.75,-8.69,6,706
7.51,-8.04,6,811
8.21,-7.32,6,318
8.84,-6.55,6,808
9.40,-5.72,6,735
9.88,-4.84,6,873
10.28,-3.92,6,512
10.59,-2.97,6,625
10.82,-1.99,6,830
10.95,-1.00,6,1024
11.00,0.00,6,214
11.96,1.00,6,1011
11.83,2.00,6,677
11.62,2.98,6,336
11.33,3.95,6,499
10.96,4.88,6,681
10.52,5.78,6,446
10.00,6.64,6,149
9.40,7.45,6,603
8.75,8.21,6,533
8.03,8.92,6,686
7.26,9.56,6,83
6.43,10.13,6,219
5.56,10.63,6,838
4.65,11.06,6,722
3.71,11.41,6,809
2.74,11.68,6,496
1.75,11.87,6,374
0.75,11.98,6,389
-0.25,12.00,6,491
-1.25,11.93,6,117
-2.25,11.79,6,50
-3.23,11.56,6,617
-4.18,11.25,6,308
-5.11,10.86,6,136
-6.00,10.39,6,513
-6.85,9.85,6,202
-7.65,9.25,6,999
-8.40,8.57,6,283
-9.08,7.84,6,448
-9.71,7.05,6,628
-10.26,6.22,6,920
-10.75,5.34,6,6
-11.16,4.42,6,251
-11.49,3.47,6,981
-11.74,2.49,6,265
-11.91,1.50,6,894
-11.99,0.50,6,643
-11.99,-0.50,6,519
-11.91,-1.50,6,686
-11.74,-2.49,6,772
-11.49,-3.47,6,454
-11.16,-4.42,6,772
-10.75,-5.34,6,373
-10.26,-6.22,6,218
-9.71,-7.05,6,14
-9.08,-7.84,6,35
-8.40,-8.57,6,949
-7.65,-9.25,6,182
-6.85,-9.85,6,443
-6.00,-10.39,6,922
-5.11,-10.86,6,215
-4.18,-11.25,6,1
-3.23,-11.56,6,257
-2.25,-11.79,6,787
-1.25,-11.93,6,152
-0.25,-12.00,6,92
0.75,-11.98,6,488
1.75,-11.87,6,11
2.74,-11.68,6,898
3.71,-11.41,6,662
4.65,-11.06,6,53
5.56,-10.63,6,825
6.43,-10.13,6,742
7.26,-9.56,6,158
8.03,-8.92,6,122
8.75,-8.21,6,871
9.40,-7.45,6,849
10.00,-6.64,6,171
10.52,-5.78,6,369
10.96,-4.88,6,1
11.33,-3.95,6,474
11.62,-2.98,6,104
11.83,-2.00,6,961
11.96,-1.00,6,801
12.00,-0.00,6,347
0.00,0.00,7,725
0.50,0.87,7,113
-0.50,0.87,7,383
-1.00,0.00,7,509
-0.50,-0.87,7,1020
0.50,-0.87,7,598
1.00,-0.00,7,968
1.73,1.00,7,715
1.00,1.73,7,507
0.00,2.00,7,55
-1.00,1.73,7,584
-1.73,1.00,7,605
-2.00,0.00,7,467
-1.73,-1.00,7,805
-1.00,-1.73,7,354
-0.00,-2.00,7,685
1.00,-1.73,7,533
1.73,-1.00,7,581
2.00,0.00,7,633
2.82,1.03,7,436
2.30,1.93,7,698
1.50,2.60,7,471
0.52,2.95,7,438
-0.52,2.95,7,763
-1.50,2.60,7,224
-2.30,1.93,7,433
-2.82,1.03,7,324
-3.00,0.00,7,473
-2.82,-1.03,7,557
-2.30,-1.93,7,13
-1.50,-2.60,7,386
-0.52,-2.95,7,968
0.52,-2.95,7,475
1.50,-2.60,7,816
2.30,-1.93,7,594
2.82,-1.03,7,712
3.00,-0.00,7,240
3.87,0.99,7,913
3.51,1.93,7,324
2.92,2.74,7,603
2.14,3.38,7,446
1.24,3.80,7,336
0.25,3.99,7,26
-0.75,3.93,7,541
-1.70,3.62,7,42
-2.55,3.08,7,472
-3.24,2.35,7,231
-3.72,1.47,7,326
-3.97,0.50,7,941
-3.97,-0.50,7,789
-3.72,-1.47,7,346
-3.24,-2.35,7,780
-2.55,-3.08,7,641
-1.70,-3.62,7,244
-0.75,-3.93,7,297
0.25,-3.99,7,494
1.24,-3.80,7,860
2.14,-3.38,7,491
2.92,-2.74,7,619
3.51,-1.93,7,447
3.87,-0.99,7,565
4.00,0.00,7,69
4.90,1.01,7,313
4.59,1.97,7,477
4.10,2.86,7,517
3.44,3.62,7,744
2.64,4.24,7,724
1.74,4.69,7,429
0.76,4.94,7,145
-0.25,4.99,7,284
-1.25,4.84,7,498
-2.20,4.49,7,162
-3.06,3.95,7,586
-3.79,3.26,7,198
-4.37,2.43,7,664
-4.77,1.50,7,847
-4.97,0.51,7,544
-4.97,-0.51,7,1002
-4.77,-1.50,7,291
-4.37,-2.43,7,66
-3.79,-3.26,7,699
-3.06,-3.95,7,648
-2.20,-4.49,7,287
-1.25,-4.84,7,742
-0.25,-4.99,7,731
0.76,-4.94,7,876
1.74,-4.69,7,782
2.64,-4.24,7,538
3.44,-3.62,7,672
4.10,-2.86,7,529
4.59,-1.97,7,361
4.90,-1.01,7,519
5.00,-0.00,7,243
5.91,1.01,7,739
5.66,2.00,7,952
5.24,2.93,7,319
4.67,3.77,7,592
3.96,4.50,7,4
3.15,5.11,7,1
2.24,5.57,7,289
1.26,5.87,7,748
0.25,5.99,7,937
-0.76,5.95,7,158
-1.76,5.74,7,852
-2.70,5.36,7,166
-3.57,4.82,7,122
-4.33,4.15,7,707
-4.97,3.36,7,409
-5.47,2.47,7,114
-5.81,1.51,7,463
-5.98,0.51,7,929
-5.98,-0.51,7,670
-5.81,-1.51,7,731
-5.47,-2.47,7,353
-4.97,-3.36,7,395
-4.33,-4.15,7,440
-3.57,-4.82,7,786
-2.70,-5.36,7,627
-1.76,-5.74,7,806
-0.76,-5.95,7,754
0.25,-5.99,7,812
1.26,-5.87,7,478
2.24,-5.57,7,495
3.15,-5.11,7,424
3.96,-4.50,7,1011
4.67,-3.77,7,653
5.24,-2.93,7,649
5.66,-2.00,7,391
5.91,-1.01,7,976
6.00,-0.00,7,63
6.93,1.02,7,365
6.70,2.02,7,469
6.34,2.97,7,859
5.84,3.86,7,50
5.21,4.67,7,530
4.48,5.38,7,592
3.65,5.98,7,659
2.74,6.44,7,815
1.77,6.77,7,933
0.77,6.96,7,741
-0.26,7.00,7,81
-1.27,6.88,7,813
-2.26,6.63,7,672
-3.20,6.23,7,63
-4.07,5.69,7,925
-4.86,5.04,7,973
-5.54,4.28,7,633
-6.10,3.43,7,396
-6.54,2.50,7,493
-6.83,1.52,7,85
-6.98,0.51,7,228
-6.98,-0.51,7,319
-6.83,-1.52,7,724
-6.54,-2.50,7,1019
-6.10,-3.43,7,327
-5.54,-4.28,7,530
-4.86,-5.04,7,82
-4.07,-5.69,7,117
-3.20,-6.23,7,498
-2.26,-6.63,7,356
-1.27,-6.88,7,311
-0.26,-7.00,7,670
0.77,-6.96,7,725
1.77,-6.77,7,391
2.74,-6.44,7,490
3.65,-5.98,7,195
4.48,-5.38,7,132
5.21,-4.67,7,583
5.84,-3.86,7,625
6.34,-2.97,7,466
6.70,-2.02,7,289
6.93,-1.02,7,338
7.00,0.00,7,290
7.94,1.00,7,106
7.75,1.99,7,640
7.44,2.94,7,169
7.01,3.85,7,770
6.47,4.70,7,872
5.83,5.48,7,883
5.10,6.16,7,666
4.29,6.75,7,718
3.41,7.24,7,45
2.47,7.61,7,352
1.50,7.86,7,682
0.50,7.98,7,184
-0.50,7.98,7,907
-1.50,7.86,7,96
-2.47,7.61,7,850
-3.41,7.24,7,680
-4.29,6.75,7,155
-5.10,6.16,7,399
-5.83,5.48,7,221
-6.47,4.70,7,140
-7.01,3.85,7,616
-7.44,2.94,7,311
-7.75,1.99,7,352
-7.94,1.00,7,96
-8.00,-0.00,7,855
-7.94,-1.00,7,3
-7.75,-1.99,7,403
-7.44,-2.94,7,639
-7.01,-3.85,7,664
-6.47,-4.70,7,510
-5.83,-5.48,7,99
-5.10,-6.16,7,424
-4.29,-6.75,7,460
-3.41,-7.24,7,582
-2.47,-7.61,7,969
-1.50,-7.86,7,753
-0.50,-7.98,7,725
0.50,-7.98,7,820
1.50,-7.86,7,48
2.47,-7.61,7,453
3.41,-7.24,7,343
4.29,-6.75,7,394
5.10,-6.16,7,648
5.83,-5.48,7,9
6.47,-4.70,7,747
7.01,-3.85,7,780
7.44,-2.94,7,684
7.75,-1.99,7,80
7.94,-1.00,7,1004
8.00,0.00,7,802
8.94,1.01,7,365
8.77,2.00,7,486
8.49,2.97,7,574
8.11,3.90,7,122
7.62,4.79,7,177
7.04,5.61,7,502
6.36,6.36,7,11
5.61,7.04,7,244
4.79,7.62,7,908
3.90,8.11,7,949
2.97,8.49,7,776
2.00,8.77,7,454
1.01,8.94,7,886
0.00,9.00,7,556
-1.01,8.94,7,177
-2.00,8.77,7,793
-2.97,8.49,7,867
-3.90,8.11,7,609
-4.79,7.62,7,539
-5.61,7.04,7,17
-6.36,6.36,7,284
-7.04,5.61,7,216
-7.62,4.79,7,394
-8.11,3.90,7,957
-8.49,2.97,7,717
-8.77,2.00,7,910
-8.94,1.01,7,564
-9.00,0.00,7,903
-8.94,-1.01,7,878
-8.77,-2.00,7,272
-8.49,-2.97,7,773
-8.11,-3.90,7,572
-7.62,-4.79,7,296
-7.04,-5.61,7,11
-6.36,-6.36,7,891
-5.61,-7.04,7,531
-4.79,-7.62,7,552
-3.90,-8.11,7,450
-2.97,-8.49,7,185
-2.00,-8.77,7,201
-1.01,-8.94,7,242
0.00,-9.00,7,346
1.01,-8.94,7,432
2.00,-8.77,7,213
2.97,-8.49,7,665
3.90,-8.11,7,318
4.79,-7.62,7,525
5.61,-7.04,7,9
6.36,-6.36,7,26
7.04,-5.61,7,637
7.62,-4.79,7,53
8.11,-3.90,7,45
8.49,-2.97,7,896
8.77,-2.00,7,530
8.94,-1.01,7,879
9.00,0.00,7,961
9.95,1.01,7,824
9.80,2.01,7,908
9.54,2.99,7,514
9.19,3.94,7,518
8.74,4.85,7,581
8.21,5.71,7,570
7.59,6.51,7,704
6.89,7.25,7,906
6.12,7.91,7,602
5.29,8.49,7,627
4.40,8.98,7,665
3.47,9.38,7,238
2.51,9.68,7,146
1.51,9.88,7,594
0.51,9.99,7,479
-0.51,9.99,7,100
-1.51,9.88,7,818
-2.51,9.68,7,511
-3.47,9.38,7,80
-4.40,8.98,7,463
-5.29,8.49,7,841
-6.12,7.91,7,747
-6.89,7.25,7,588
-7.59,6.51,7,231
-8.21,5.71,7,124
-8.74,4.85,7,823
-9.19,3.94,7,507
-9.54,2.99,7,304
-9.80,2.01,7,809
-9.95,1.01,7,657
-10.00,0.00,7,411
-9.95,-1.01,7,545
-9.80,-2.01,7,743
-9.54,-2.99,7,513
-9.19,-3.94,7,35
-8.74,-4.85,7,465
-8.21,-5.71,7,987
-7.59,-6.51,7,377
-6.89,-7.25,7,818
-6.12,-7.91,7,718
-5.29,-8.49,7,444
-4.40,-8.98,7,713
-3.47,-9.38,7,559
-2.51,-9.68,7,584
-1.51,-9.88,7,897
-0.51,-9.99,7,610
0.51,-9.99,7,978
1.51,-9.88,7,489
2.51,-9.68,7,161
3.47,-9.38,7,498
4.40,-8.98,7,956
5.29,-8.49,7,52
6.12,-7.91,7,128
6.89,-7.25,7,446
7.59,-6.51,7,15
8.21,-5.71,7,868
8.74,-4.85,7,662
9.19,-3.94,7,391
9.54,-2.99,7,550
9.80,-2.01,7,541
9.95,-1.01,7,169
10.00,0.00,7,708
10.95,1.00,7,256
10.82,1.99,7,823
10.59,2.97,7,150
10.28,3.92,7,616
9.88,4.84,7,238
9.40,5.72,7,1002
8.84,6.55,7,74
8.21,7.32,7,290
7.51,8.04,7,567
6.75,8.69,7,552
5.93,9.27,7,691
5.06,9.77,7,401
4.15,10.19,7,895
3.21,10.52,7,643
2.24,10.77,7,46
1.25,10.93,7,165
0.25,11.00,7,502
-0.75,10.97,7,722
-1.75,10.86,7,262
-2.73,10.66,7,738
-3.68,10.36,7,983
-4.61,9.99,7,871
-5.50,9.53,7,115
-6.34,8.99,7,125
-7.13,8.37,7,271
-7.87,7.69,7,888
-8.53,6.94,7,597
-9.13,6.14,7,157
-9.65,5.28,7,186
-10.09,4.38,7,509
-10.45,3.45,7,107
-10.72,2.48,7,538
-10.90,1.50,7,642
-10.99,0.50,7,238
-10.99,-0.50,7,553
-10.90,-1.50,7,384
-10.72,-2.48,7,668
-10.45,-3.45,7,548
-10.09,-4.38,7,368
-9.65,-5.28,7,444
-9.13,-6.14,7,329
-8.53,-6.94,7,582
-7.87,-7.69,7,577
-7.13,-8.37,7,373
-6.34,-8.99,7,519
-5.50,-9.53,7,1001
-4.61,-9.99,7,536
-3.68,-10.36,7,212
-2.73,-10.66,7,753
-1.75,-10.86,7,36
-0.75,-10.97,7,404
0.25,-11.00,7,799
1.25,-10.93,7,652
2.24,-10.77,7,836
3.21,-10.52,7,1000
4.15,-10.19,7,640
5.06,-9.77,7,568
5.93,-9.27,7,212
6.75,-8.69,7,941
7.51,-8.04,7,886
8.21,-7.32,7,444
8.84,-6.55,7,39
9.40,-5.72,7,353
9.88,-4.84,7,112
10.28,-3.92,7,704
10.59,-2.97,7,369
10.82,-1.99,7,571
10.95,-1.00,7,134
11.00,0.00,7,468
11.96,1.00,7,198
11.83,2.00,7,204
11.62,2.98,7,751
11.33,3.95,7,13
10.96,4.88,7,892
10.52,5.78,7,525
10.00,6.64,7,367
9.40,7.45,7,595
8.75,8.21,7,929
8.03,8.92,7,661
7.26,9.56,7,12
6.43,10.13,7,170
5.56,10.63,7,427
4.65,11.06,7,525
3.71,11.41,7,942
2.74,11.68,7,510
1.75,11.87,7,415
0.75,11.98,7,959
-0.25,12.00,7,461
-1.25,11.93,7,82
-2.25,11.79,7,906
-3.23,11.56,7,63
-4.18,11.25,7,558
-5.11,10.86,7,658
-6.00,10.39,7,585
-6.85,9.85,7,484
-7.65,9.25,7,637
-8.40,8.57,7,980
-9.08,7.84,7,372
-9.71,7.05,7,604
-10.26,6.22,7,450
-10.75,5.34,7,408
-11.16,4.42,7,805
-11.49,3.47,7,1009
-11.74,2.49,7,293
-11.91,1.50,7,574
-11.99,0.50,7,679
-11.99,-0.50,7,426
-11.91,-1.50,7,275
-11.74,-2.49,7,678
-11.49,-3.47,7,354
-11.16,-4.42,7,436
-10.75,-5.34,7,793
-10.26,-6.22,7,8
-9.71,-7.05,7,874
-9.08,-7.84,7,432
-8.40,-8.57,7,704
-7.65,-9.25,7,142
-6.85,-9.85,7,161
-6.00,-10.39,7,730
-5.11,-10.86,7,198
-4.18,-11.25,7,633
-3.23,-11.56,7,920
-2.25,-11.79,7,68
-1.25,-11.93,7,94
-0.25,-12.00,7,8
0.75,-11.98,7,887
1.75,-11.87,7,419
2.74,-11.68,7,837
3.71,-11.41,7,799
4.65,-11.06,7,20
5.56,-10.63,7,988
6.43,-10.13,7,24
7.26,-9.56,7,186
8.03,-8.92,7,238
8.75,-8.21,7,645
9.40,-7.45,7,172
10.00,-6.64,7,294
10.52,-5.78,7,290
10.96,-4.88,7,240
11.33,-3.95,7,87
11.62,-2.98,7,839
11.83,-2.00,7,696
11.96,-1.00,7,608
12.00,-0.00,7,666
